	fs3
0	0.029469660456967084
1	0.029848548060207314
2	0.029848548060207314
3	0.030227435663447544
4	0.030227435663447544
5	0.030606323266686886
6	0.030606323266686886
7	0.030985210869927116
8	0.030985210869927116
9	0.031364098473167346
10	0.031364098473167346
11	0.03174298607640669
12	0.03174298607640669
13	0.03212187367964692
14	0.03212187367964692
15	0.03212187367964692
16	0.03212187367964692
17	0.03250076128288715
18	0.03250076128288715
19	0.03287964888612649
20	0.03287964888612649
21	0.03325853648936672
22	0.03325853648936672
23	0.03363742409260695
24	0.03363742409260695
25	0.03401631169584629
26	0.03401631169584629
27	0.03439519929908652
28	0.03439519929908652
29	0.03477408690232675
30	0.09210173004130784
31	0.09210173004130784
32	0.09210173004130784
33	0.24415127399027892
34	0.24415127399027892
35	0.24453016159351915
36	0.24453016159351915
37	0.24453016159351915
38	0.24453016159351915
39	0.24453016159351915
40	0.24490904919675893
41	0.24490904919675893
42	0.24490904919675893
43	0.24490904919675893
44	0.24528793679999872
45	0.24528793679999872
46	0.24528793679999872
47	0.24528793679999872
48	0.24528793679999872
49	0.24566682440323895
50	0.24566682440323895
51	0.24566682440323895
52	0.24566682440323895
53	0.24604571200647873
54	0.24604571200647873
55	0.24604571200647873
56	0.24604571200647873
57	0.24642459960971852
58	0.24642459960971852
59	0.24642459960971852
60	0.24642459960971852
61	0.24642459960971852
62	0.2468034872129583
63	0.2468034872129583
64	0.2468034872129583
65	0.2468034872129583
66	0.24718237481619854
67	0.24718237481619854
68	0.24718237481619854
69	0.24718237481619854
70	0.24718237481619854
71	0.24756126241943832
72	0.24756126241943832
73	0.24756126241943832
74	0.24756126241943832
75	0.24794015002267855
76	0.24794015002267855
77	0.24794015002267855
78	0.24794015002267855
79	0.24831903762591878
80	0.24831903762591878
81	0.24831903762591878
82	0.24831903762591878
83	0.24831903762591878
84	0.24869792522915857
85	0.24869792522915857
86	0.24869792522915857
87	0.24869792522915857
88	0.24907681283239835
89	0.24907681283239835
90	0.24907681283239835
91	0.24907681283239835
92	0.24907681283239835
93	0.24945570043563814
94	0.24945570043563814
95	0.24945570043563814
96	0.24945570043563814
97	0.24983458803887837
98	0.24983458803887837
99	0.24983458803887837
100	0.24983458803887837
101	0.25021347564211815
102	0.25021347564211815
103	0.25021347564211815
104	0.25021347564211815
105	0.25021347564211815
106	0.25059236324535794
107	0.25059236324535794
108	0.25059236324535794
109	0.25059236324535794
110	0.25097125084859817
111	0.25097125084859817
112	0.25097125084859817
113	0.25097125084859817
114	0.25097125084859817
115	0.25135013845183796
116	0.25135013845183796
117	0.25135013845183796
118	0.25135013845183796
119	0.2517290260550782
120	0.2517290260550782
121	0.2517290260550782
122	0.2517290260550782
123	0.252107913658318
124	0.252107913658318
125	0.252107913658318
126	0.252107913658318
127	0.252107913658318
128	0.2524868012615582
129	0.2524868012615582
130	0.2524868012615582
131	0.2524868012615582
132	0.252865688864798
133	0.252865688864798
134	0.252865688864798
135	0.252865688864798
136	0.2532445764680378
137	0.2532445764680378
138	0.2532445764680378
139	0.2532445764680378
140	0.2532445764680378
141	0.253623464071278
142	0.253623464071278
143	0.253623464071278
144	0.253623464071278
145	0.2540023516745178
146	0.2540023516745178
147	0.2540023516745178
148	0.2540023516745178
149	0.2540023516745178
150	0.2543812392777576
151	0.2543812392777576
152	0.2543812392777576
153	0.2543812392777576
154	0.2547601268809978
155	0.2547601268809978
156	0.2547601268809978
157	0.2547601268809978
158	0.2551390144842376
159	0.2551390144842376
160	0.2551390144842376
161	0.2551390144842376
162	0.2555179020874778
163	0.2555179020874778
164	0.2555179020874778
165	0.2555179020874778
166	0.2558967896907176
167	0.2558967896907176
168	0.2558967896907176
169	0.2558967896907176
170	0.25627567729395784
171	0.25627567729395784
172	0.25627567729395784
173	0.25627567729395784
174	0.25627567729395784
175	0.2566545648971976
176	0.2566545648971976
177	0.2566545648971976
178	0.2566545648971976
179	0.2570334525004374
180	0.2570334525004374
181	0.2570334525004374
182	0.2570334525004374
183	0.2570334525004374
184	0.25741234010367764
185	0.25741234010367764
186	0.25741234010367764
187	0.25741234010367764
188	0.2577912277069174
189	0.2577912277069174
190	0.2577912277069174
191	0.2577912277069174
192	0.2581701153101572
193	0.2581701153101572
194	0.2581701153101572
195	0.2581701153101572
196	0.2581701153101572
197	0.258549002913397
198	0.258549002913397
199	0.258549002913397
200	0.258549002913397
201	0.2589278905166372
202	0.2589278905166372
203	0.2589278905166372
204	0.2589278905166372
205	0.2589278905166372
206	0.25930677811987746
207	0.25930677811987746
208	0.25930677811987746
209	0.25930677811987746
210	0.25968566572311724
211	0.25968566572311724
212	0.25968566572311724
213	0.25968566572311724
214	0.2600645533263575
215	0.2600645533263575
216	0.2600645533263575
217	0.2600645533263575
218	0.2600645533263575
219	0.26044344092959726
220	0.26044344092959726
221	0.26044344092959726
222	0.26044344092959726
223	0.26082232853283704
224	0.26082232853283704
225	0.26082232853283704
226	0.26082232853283704
227	0.26120121613607683
228	0.26120121613607683
229	0.26120121613607683
230	0.26120121613607683
231	0.26120121613607683
232	0.26158010373931706
233	0.26158010373931706
234	0.26158010373931706
235	0.26158010373931706
236	0.26195899134255685
237	0.26195899134255685
238	0.26195899134255685
239	0.26195899134255685
240	0.26195899134255685
241	0.26233787894579663
242	0.26233787894579663
243	0.26233787894579663
244	0.26233787894579663
245	0.26271676654903686
246	0.26271676654903686
247	0.26271676654903686
248	0.26271676654903686
249	0.2630956541522771
250	0.2630956541522771
251	0.2630956541522771
252	0.2630956541522771
253	0.2630956541522771
254	0.2634745417555169
255	0.2634745417555169
256	0.2634745417555169
257	0.2634745417555169
258	0.2638534293587571
259	0.2638534293587571
260	0.2638534293587571
261	0.2638534293587571
262	0.2642323169619969
263	0.2642323169619969
264	0.2642323169619969
265	0.2642323169619969
266	0.2642323169619969
267	0.2646112045652367
268	0.2646112045652367
269	0.2646112045652367
270	0.2646112045652367
271	0.26499009216847647
272	0.26499009216847647
273	0.26499009216847647
274	0.26499009216847647
275	0.2653689797717167
276	0.2653689797717167
277	0.2653689797717167
278	0.2653689797717167
279	0.2653689797717167
280	0.2657478673749565
281	0.2657478673749565
