	fs3
0	0.07408184360969283
1	0.07408184360969283
2	0.07455776876885034
3	0.07455776876885034
4	0.07455776876885034
5	0.07455776876885034
6	0.07455776876885034
7	0.0750336939280083
8	0.0750336939280083
9	0.0750336939280083
10	0.0750336939280083
11	0.0750336939280083
12	0.0755096190871658
13	0.0755096190871658
14	0.0755096190871658
15	0.0755096190871658
16	0.0755096190871658
17	0.07598554424632376
18	0.07598554424632376
19	0.07598554424632376
20	0.07598554424632376
21	0.07598554424632376
22	0.07646146940548171
23	0.07646146940548171
24	0.07646146940548171
25	0.07646146940548171
26	0.07646146940548171
27	0.07646146940548171
28	0.07693739456463966
29	0.07693739456463966
30	0.07693739456463966
31	0.07693739456463966
32	0.07693739456463966
33	0.07741331972379717
34	0.07741331972379717
35	0.07741331972379717
36	0.07741331972379717
37	0.07741331972379717
38	0.07788924488295512
39	0.07788924488295512
40	0.07788924488295512
41	0.07788924488295512
42	0.07788924488295512
43	0.07836517004211263
44	0.07836517004211263
45	0.07836517004211263
46	0.07836517004211263
47	0.07836517004211263
48	0.07884109520127058
49	0.07884109520127058
50	0.07884109520127058
51	0.07884109520127058
52	0.07884109520127058
53	0.07884109520127058
54	0.07931702036042854
55	0.07931702036042854
56	0.07931702036042854
57	0.07931702036042854
58	0.07931702036042854
59	0.07979294551958604
60	0.07979294551958604
61	0.07979294551958604
62	0.07979294551958604
63	0.07979294551958604
64	0.080268870678744
65	0.080268870678744
66	0.080268870678744
67	0.080268870678744
68	0.080268870678744
69	0.0807447958379015
70	0.0807447958379015
71	0.0807447958379015
72	0.0807447958379015
73	0.0807447958379015
74	0.0812207209970599
75	0.0812207209970599
76	0.0812207209970599
77	0.0812207209970599
78	0.0812207209970599
79	0.0812207209970599
80	0.08169664615621741
81	0.08169664615621741
82	0.08169664615621741
83	0.08169664615621741
84	0.08169664615621741
85	0.08217257131537536
86	0.08217257131537536
87	0.08217257131537536
88	0.08217257131537536
89	0.08217257131537536
90	0.08264849647453287
91	0.08264849647453287
92	0.08264849647453287
93	0.08264849647453287
94	0.08264849647453287
95	0.08312442163369083
96	0.08312442163369083
97	0.08312442163369083
98	0.08312442163369083
99	0.08312442163369083
100	0.08360034679284878
101	0.08360034679284878
102	0.08360034679284878
103	0.08360034679284878
104	0.08360034679284878
105	0.08407627195200629
106	0.08407627195200629
107	0.08407627195200629
108	0.08407627195200629
109	0.08407627195200629
110	0.08407627195200629
111	0.08455219711116424
112	0.08455219711116424
113	0.08455219711116424
114	0.08455219711116424
115	0.08455219711116424
116	0.08502812227032175
117	0.08502812227032175
118	0.08502812227032175
119	0.08502812227032175
120	0.08502812227032175
121	0.0855040474294797
122	0.0855040474294797
123	0.0855040474294797
124	0.0855040474294797
125	0.0855040474294797
126	0.08597997258863765
127	0.08597997258863765
128	0.08597997258863765
129	0.08597997258863765
130	0.08597997258863765
131	0.08645589774779561
132	0.08645589774779561
133	0.08645589774779561
134	0.08645589774779561
135	0.08645589774779561
136	0.08645589774779561
137	0.08693182290695312
138	0.08693182290695312
139	0.08693182290695312
140	0.08693182290695312
141	0.08693182290695312
142	0.08740774806611107
143	0.08740774806611107
144	0.08740774806611107
145	0.08740774806611107
146	0.08740774806611107
147	0.08788367322526858
148	0.08788367322526858
149	0.08788367322526858
150	0.08788367322526858
151	0.08788367322526858
152	0.08835959838442653
153	0.08835959838442653
154	0.08835959838442653
155	0.08835959838442653
156	0.08835959838442653
157	0.08883552354358448
158	0.08883552354358448
159	0.08883552354358448
160	0.08883552354358448
161	0.08883552354358448
162	0.08931144870274199
163	0.08931144870274199
164	0.08931144870274199
165	0.08931144870274199
166	0.08931144870274199
167	0.08931144870274199
168	0.08978737386189994
169	0.08978737386189994
170	0.08978737386189994
171	0.08978737386189994
172	0.08978737386189994
173	0.0902632990210579
174	0.0902632990210579
175	0.0902632990210579
176	0.0902632990210579
177	0.0902632990210579
178	0.09073922418021585
179	0.09073922418021585
180	0.09073922418021585
181	0.09073922418021585
182	0.09073922418021585
183	0.09121514933937336
184	0.09121514933937336
185	0.09121514933937336
186	0.09121514933937336
187	0.09121514933937336
188	0.09169107449853131
189	0.09169107449853131
190	0.09169107449853131
191	0.09169107449853131
192	0.09169107449853131
193	0.09169107449853131
194	0.09216699965768882
195	0.09216699965768882
196	0.09216699965768882
197	0.09216699965768882
198	0.09216699965768882
199	0.09264292481684677
200	0.09264292481684677
201	0.09264292481684677
202	0.09264292481684677
203	0.09264292481684677
204	0.09311884997600473
205	0.09311884997600473
206	0.09311884997600473
207	0.09311884997600473
208	0.09311884997600473
209	0.09359477513516268
210	0.09359477513516268
211	0.09359477513516268
212	0.09359477513516268
213	0.09359477513516268
214	0.09407070029432019
215	0.09407070029432019
216	0.09407070029432019
217	0.09407070029432019
218	0.09407070029432019
219	0.09454662545347814
220	0.09454662545347814
221	0.09454662545347814
222	0.09454662545347814
223	0.09454662545347814
224	0.09454662545347814
225	0.09502255061263565
226	0.09502255061263565
227	0.09502255061263565
228	0.09502255061263565
229	0.09502255061263565
230	0.0954984757717936
231	0.0954984757717936
232	0.0954984757717936
233	0.0954984757717936
234	0.0954984757717936
235	0.09597440093095155
236	0.09597440093095155
237	0.09597440093095155
238	0.09597440093095155
239	0.09597440093095155
240	0.09645032609010906
241	0.09645032609010906
242	0.09645032609010906
243	0.09645032609010906
244	0.09645032609010906
245	0.09692625124926701
246	0.09692625124926701
247	0.09692625124926701
248	0.09692625124926701
249	0.09692625124926701
250	0.09740217640842452
251	0.09740217640842452
252	0.09740217640842452
253	0.09740217640842452
254	0.09740217640842452
255	0.09740217640842452
256	0.09787810156758292
257	0.09787810156758292
258	0.09787810156758292
259	0.09787810156758292
260	0.09787810156758292
261	0.09835402672674043
262	0.09835402672674043
263	0.09835402672674043
264	0.09835402672674043
265	0.09835402672674043
266	0.09882995188589838
267	0.09882995188589838
268	0.09882995188589838
269	0.09882995188589838
270	0.09882995188589838
271	0.09930587704505589
272	0.09930587704505589
273	0.09930587704505589
274	0.09930587704505589
275	0.09930587704505589
276	0.09978180220421384
277	0.09978180220421384
278	0.09978180220421384
279	0.09978180220421384
280	0.09978180220421384
281	0.1002577273633718
282	0.1002577273633718
283	0.1002577273633718
284	0.1002577273633718
285	0.1002577273633718
286	0.1002577273633718
287	0.1007336525225293
288	0.1007336525225293
289	0.1007336525225293
290	0.1007336525225293
291	0.1007336525225293
292	0.10120957768168726
293	0.10120957768168726
294	0.10120957768168726
295	0.10120957768168726
296	0.10120957768168726
297	0.10168550284084477
298	0.10168550284084477
299	0.10168550284084477
300	0.10168550284084477
301	0.10168550284084477
302	0.10216142800000272
303	0.10216142800000272
304	0.10216142800000272
305	0.10216142800000272
306	0.10216142800000272
307	0.10263735315916067
308	0.10263735315916067
309	0.10263735315916067
310	0.10263735315916067
311	0.10263735315916067
312	0.10263735315916067
313	0.10311327831831862
314	0.10311327831831862
315	0.10311327831831862
316	0.10311327831831862
317	0.10311327831831862
318	0.10358920347747613
319	0.10358920347747613
320	0.10358920347747613
321	0.10358920347747613
322	0.10358920347747613
323	0.10406512863663409
324	0.10406512863663409
325	0.10406512863663409
326	0.10406512863663409
327	0.10406512863663409
328	0.1045410537957916
329	0.1045410537957916
330	0.1045410537957916
331	0.1045410537957916
332	0.1045410537957916
333	0.10501697895494955
334	0.10501697895494955
335	0.10501697895494955
336	0.10501697895494955
337	0.10501697895494955
338	0.1054929041141075
339	0.1054929041141075
340	0.1054929041141075
341	0.1054929041141075
342	0.1054929041141075
343	0.10596882927326501
344	0.10596882927326501
345	0.10596882927326501
346	0.10596882927326501
347	0.10596882927326501
348	0.10596882927326501
349	0.10644475443242296
350	0.10644475443242296
351	0.10644475443242296
352	0.10644475443242296
353	0.10644475443242296
354	0.10692067959158091
355	0.10692067959158091
356	0.10692067959158091
357	0.10692067959158091
358	0.10692067959158091
359	0.10739660475073887
360	0.10739660475073887
361	0.10739660475073887
362	0.10739660475073887
363	0.10739660475073887
364	0.10787252990989638
365	0.10787252990989638
366	0.10787252990989638
367	0.10787252990989638
368	0.10787252990989638
369	0.10834845506905433
370	0.10834845506905433
371	0.10834845506905433
372	0.10834845506905433
373	0.10834845506905433
374	0.10882438022821184
375	0.10882438022821184
376	0.10882438022821184
377	0.10882438022821184
378	0.10882438022821184
379	0.10882438022821184
380	0.10930030538736979
381	0.10930030538736979
382	0.10930030538736979
383	0.10930030538736979
384	0.10930030538736979
385	0.10977623054652774
386	0.10977623054652774
387	0.10977623054652774
388	0.10977623054652774
389	0.10977623054652774
390	0.1102521557056857
391	0.1102521557056857
392	0.1102521557056857
393	0.1102521557056857
394	0.1102521557056857
395	0.1107280808648432
396	0.1107280808648432
397	0.1107280808648432
398	0.1107280808648432
399	0.1107280808648432
400	0.11120400602400116
401	0.11120400602400116
402	0.11120400602400116
403	0.11120400602400116
404	0.11120400602400116
405	0.11167993118315866
406	0.11167993118315866
407	0.11167993118315866
408	0.11167993118315866
409	0.11167993118315866
410	0.11167993118315866
411	0.11215585634231662
412	0.11215585634231662
413	0.11215585634231662
414	0.11215585634231662
415	0.11215585634231662
416	0.11263178150147457
417	0.11263178150147457
418	0.11263178150147457
419	0.11263178150147457
420	0.11263178150147457
421	0.11310770666063208
422	0.11310770666063208
423	0.11310770666063208
424	0.11310770666063208
425	0.11310770666063208
426	0.11358363181979003
427	0.11358363181979003
428	0.11358363181979003
429	0.11358363181979003
430	0.11358363181979003
431	0.11405955697894754
432	0.11405955697894754
433	0.11405955697894754
434	0.11405955697894754
435	0.11405955697894754
436	0.1145354821381055
437	0.1145354821381055
438	0.1145354821381055
439	0.1145354821381055
440	0.1145354821381055
441	0.1145354821381055
442	0.11501140729726345
443	0.11501140729726345
444	0.11501140729726345
445	0.11501140729726345
446	0.11501140729726345
447	0.1154873324564214
448	0.1154873324564214
449	0.1154873324564214
450	0.1154873324564214
451	0.1154873324564214
452	0.1154873324564214
453	0.11596325761557891
454	0.11596325761557891
455	0.11596325761557891
456	0.11596325761557891
457	0.11596325761557891
458	0.11643918277473686
459	0.11643918277473686
460	0.11643918277473686
461	0.11643918277473686
462	0.11643918277473686
463	0.11691510793389437
464	0.11691510793389437
465	0.11691510793389437
466	0.11691510793389437
467	0.11691510793389437
468	0.11739103309305232
469	0.11739103309305232
470	0.11739103309305232
471	0.11739103309305232
472	0.11739103309305232
473	0.11786695825221027
474	0.11786695825221027
475	0.11786695825221027
476	0.11786695825221027
477	0.11786695825221027
478	0.11786695825221027
479	0.11834288341136778
480	0.11834288341136778
481	0.11834288341136778
482	0.11834288341136778
483	0.11834288341136778
484	0.11881880857052574
485	0.11881880857052574
486	0.11881880857052574
487	0.11881880857052574
488	0.11881880857052574
489	0.11929473372968369
490	0.11929473372968369
491	0.11929473372968369
492	0.11929473372968369
493	0.11929473372968369
494	0.11977065888884164
495	0.11977065888884164
496	0.11977065888884164
497	0.11977065888884164
498	0.11977065888884164
499	0.12024658404799915
500	0.12024658404799915
501	0.12024658404799915
502	0.12024658404799915
503	0.12024658404799915
504	0.1207225092071571
505	0.1207225092071571
506	0.1207225092071571
507	0.1207225092071571
508	0.1207225092071571
509	0.1207225092071571
510	0.12119843436631461
511	0.12119843436631461
512	0.12119843436631461
513	0.12119843436631461
514	0.12119843436631461
515	0.12167435952547256
516	0.12167435952547256
517	0.12167435952547256
518	0.12167435952547256
519	0.12167435952547256
520	0.12215028468463052
521	0.12215028468463052
522	0.12215028468463052
523	0.12215028468463052
524	0.12215028468463052
525	0.12262620984378803
526	0.12262620984378803
527	0.12262620984378803
528	0.12262620984378803
529	0.12262620984378803
530	0.12310213500294598
531	0.12310213500294598
532	0.12310213500294598
533	0.12310213500294598
534	0.12310213500294598
535	0.12357806016210393
536	0.12357806016210393
537	0.12357806016210393
538	0.12357806016210393
539	0.12357806016210393
540	0.12405398532126144
541	0.12405398532126144
542	0.12405398532126144
543	0.12405398532126144
544	0.12405398532126144
545	0.12405398532126144
546	0.12452991048041939
547	0.12452991048041939
548	0.12452991048041939
549	0.12452991048041939
550	0.12452991048041939
551	0.12500583563957735
552	0.12500583563957735
553	0.12500583563957735
554	0.12500583563957735
555	0.12500583563957735
556	0.12548176079873485
557	0.12548176079873485
558	0.12548176079873485
559	0.12548176079873485
560	0.12548176079873485
561	0.1259576859578928
562	0.1259576859578928
563	0.1259576859578928
564	0.1259576859578928
565	0.1259576859578928
566	0.12643361111705032
567	0.12643361111705032
568	0.12643361111705032
569	0.12643361111705032
570	0.12643361111705032
571	0.1269095362762087
572	0.1269095362762087
573	0.1269095362762087
574	0.1269095362762087
575	0.1269095362762087
576	0.12738546143536622
577	0.12738546143536622
578	0.12738546143536622
579	0.12738546143536622
580	0.12738546143536622
581	0.12738546143536622
582	0.12786138659452417
583	0.12786138659452417
584	0.12786138659452417
585	0.12786138659452417
586	0.12786138659452417
587	0.12833731175368168
588	0.12833731175368168
589	0.12833731175368168
590	0.12833731175368168
591	0.12833731175368168
592	0.12881323691283963
593	0.12881323691283963
594	0.12881323691283963
595	0.12881323691283963
596	0.12881323691283963
597	0.1292891620719976
598	0.1292891620719976
599	0.1292891620719976
600	0.1292891620719976
601	0.1292891620719976
602	0.1297650872311551
603	0.1297650872311551
604	0.1297650872311551
605	0.1297650872311551
606	0.1297650872311551
607	0.13024101239031305
608	0.13024101239031305
609	0.13024101239031305
610	0.13024101239031305
611	0.13024101239031305
612	0.13071693754947056
613	0.13071693754947056
614	0.13071693754947056
615	0.13071693754947056
616	0.13071693754947056
617	0.13071693754947056
618	0.1311928627086285
619	0.1311928627086285
620	0.1311928627086285
621	0.1311928627086285
622	0.1311928627086285
623	0.13166878786778646
624	0.13166878786778646
625	0.13166878786778646
626	0.13166878786778646
627	0.13166878786778646
628	0.13214471302694442
629	0.13214471302694442
630	0.13214471302694442
631	0.13214471302694442
632	0.13214471302694442
633	0.13262063818610192
634	0.13262063818610192
635	0.13262063818610192
636	0.13262063818610192
637	0.13262063818610192
638	0.13309656334525988
639	0.13309656334525988
640	0.13309656334525988
641	0.13309656334525988
642	0.13309656334525988
643	0.13357248850441739
644	0.13357248850441739
645	0.13357248850441739
646	0.13357248850441739
647	0.13357248850441739
648	0.13404841366357534
649	0.13404841366357534
650	0.13404841366357534
651	0.13404841366357534
652	0.13404841366357534
653	0.13404841366357534
654	0.1345243388227333
655	0.1345243388227333
656	0.1345243388227333
657	0.1345243388227333
658	0.1345243388227333
659	0.1350002639818908
660	0.1350002639818908
661	0.1350002639818908
662	0.1350002639818908
663	0.1350002639818908
664	0.13547618914104875
665	0.13547618914104875
666	0.13547618914104875
667	0.13547618914104875
668	0.13547618914104875
669	0.1359521143002067
670	0.1359521143002067
671	0.1359521143002067
672	0.1359521143002067
673	0.1359521143002067
674	0.13642803945936466
675	0.13642803945936466
676	0.13642803945936466
677	0.13642803945936466
678	0.13642803945936466
679	0.13690396461852217
680	0.13690396461852217
681	0.13690396461852217
682	0.13690396461852217
683	0.13690396461852217
684	0.13737988977768012
685	0.13737988977768012
686	0.13737988977768012
687	0.13737988977768012
688	0.13737988977768012
689	0.13785581493683763
690	0.13785581493683763
691	0.13785581493683763
692	0.13785581493683763
693	0.13785581493683763
694	0.13785581493683763
695	0.13833174009599558
696	0.13833174009599558
697	0.13833174009599558
698	0.13833174009599558
699	0.13833174009599558
700	0.13880766525515353
701	0.13880766525515353
702	0.13880766525515353
703	0.13880766525515353
704	0.13880766525515353
705	0.13928359041431104
706	0.13928359041431104
707	0.13928359041431104
708	0.13928359041431104
709	0.13928359041431104
710	0.139759515573469
711	0.139759515573469
712	0.139759515573469
713	0.139759515573469
714	0.139759515573469
715	0.14023544073262695
716	0.14023544073262695
717	0.14023544073262695
718	0.14023544073262695
719	0.14023544073262695
720	0.14071136589178446
721	0.14071136589178446
722	0.14071136589178446
723	0.14071136589178446
724	0.14071136589178446
725	0.1411872910509424
726	0.1411872910509424
727	0.1411872910509424
728	0.1411872910509424
729	0.1411872910509424
730	0.1411872910509424
731	0.14166321621010036
732	0.14166321621010036
733	0.14166321621010036
734	0.14166321621010036
735	0.14166321621010036
736	0.14213914136925787
737	0.14213914136925787
738	0.14213914136925787
739	0.14213914136925787
740	0.14213914136925787
741	0.14261506652841582
742	0.14261506652841582
743	0.14261506652841582
744	0.14261506652841582
745	0.14261506652841582
746	0.14309099168757333
747	0.14309099168757333
748	0.14309099168757333
749	0.14309099168757333
750	0.14309099168757333
751	0.14356691684673173
752	0.14356691684673173
753	0.14356691684673173
754	0.14356691684673173
755	0.14356691684673173
756	0.14404284200588924
757	0.14404284200588924
758	0.14404284200588924
759	0.14404284200588924
760	0.14404284200588924
761	0.1445187671650472
762	0.1445187671650472
763	0.1445187671650472
764	0.1445187671650472
765	0.1445187671650472
766	0.1449946923242047
767	0.1449946923242047
768	0.1449946923242047
769	0.1449946923242047
770	0.1449946923242047
771	0.1449946923242047
772	0.14547061748336265
773	0.14547061748336265
774	0.14547061748336265
775	0.14547061748336265
776	0.14547061748336265
777	0.1459465426425206
778	0.1459465426425206
779	0.1459465426425206
780	0.1459465426425206
781	0.1459465426425206
782	0.1464224678016781
783	0.1464224678016781
784	0.1464224678016781
785	0.1464224678016781
786	0.1464224678016781
787	0.14689839296083607
788	0.14689839296083607
789	0.14689839296083607
790	0.14689839296083607
791	0.14689839296083607
792	0.14737431811999357
793	0.14737431811999357
794	0.14737431811999357
795	0.14737431811999357
796	0.14737431811999357
797	0.14785024327915153
798	0.14785024327915153
799	0.14785024327915153
800	0.14785024327915153
801	0.14785024327915153
802	0.14832616843830948
803	0.14832616843830948
804	0.14832616843830948
805	0.14832616843830948
806	0.14832616843830948
807	0.14880209359746743
808	0.14880209359746743
809	0.14880209359746743
810	0.14880209359746743
811	0.14880209359746743
812	0.14880209359746743
813	0.14927801875662494
814	0.14927801875662494
815	0.14927801875662494
816	0.14927801875662494
817	0.14927801875662494
818	0.1497539439157829
819	0.1497539439157829
820	0.1497539439157829
821	0.1497539439157829
822	0.1497539439157829
823	0.1502298690749404
824	0.1502298690749404
825	0.1502298690749404
826	0.1502298690749404
827	0.1502298690749404
828	0.15070579423409836
829	0.15070579423409836
830	0.15070579423409836
831	0.15070579423409836
832	0.15070579423409836
833	0.1511817193932563
834	0.1511817193932563
835	0.1511817193932563
836	0.1511817193932563
837	0.1511817193932563
838	0.15165764455241382
839	0.15165764455241382
840	0.15165764455241382
841	0.15165764455241382
842	0.15165764455241382
843	0.15213356971157177
844	0.15213356971157177
845	0.15213356971157177
846	0.15213356971157177
847	0.15213356971157177
848	0.15260949487072972
849	0.15260949487072972
850	0.15260949487072972
851	0.15260949487072972
852	0.15260949487072972
853	0.15260949487072972
854	0.15308542002988768
855	0.15308542002988768
856	0.15308542002988768
857	0.15308542002988768
858	0.15308542002988768
859	0.15356134518904518
860	0.15356134518904518
861	0.15356134518904518
862	0.15356134518904518
863	0.15356134518904518
864	0.15403727034820314
865	0.15403727034820314
866	0.15403727034820314
867	0.15403727034820314
868	0.15403727034820314
869	0.15451319550736065
870	0.15451319550736065
871	0.15451319550736065
872	0.15451319550736065
873	0.15451319550736065
874	0.1549891206665186
875	0.1549891206665186
876	0.1549891206665186
877	0.1549891206665186
897	0.39731626728730096
898	0.3977921924464589
899	0.3977921924464589
900	0.3977921924464589
901	0.3977921924464589
902	0.3977921924464589
903	0.39826811760561664
904	0.39826811760561664
905	0.39826811760561664
906	0.39826811760561664
907	0.39826811760561664
908	0.39826811760561664
909	0.3987440427647744
910	0.3987440427647744
911	0.3987440427647744
912	0.3987440427647744
913	0.3987440427647744
914	0.3987440427647744
915	0.3992199679239321
916	0.3992199679239321
917	0.3992199679239321
918	0.3992199679239321
919	0.3992199679239321
920	0.39969589308308984
921	0.39969589308308984
922	0.39969589308308984
923	0.39969589308308984
924	0.39969589308308984
925	0.39969589308308984
926	0.4001718182422478
927	0.4001718182422478
928	0.4001718182422478
929	0.4001718182422478
930	0.4001718182422478
931	0.4001718182422478
932	0.4006477434014055
933	0.4006477434014055
934	0.4006477434014055
935	0.4006477434014055
936	0.4006477434014055
937	0.40112366856056325
938	0.40112366856056325
939	0.40112366856056325
940	0.40112366856056325
941	0.40112366856056325
942	0.40112366856056325
943	0.401599593719721
944	0.401599593719721
945	0.401599593719721
946	0.401599593719721
947	0.401599593719721
948	0.401599593719721
949	0.4020755188788787
950	0.4020755188788787
951	0.4020755188788787
952	0.4020755188788787
953	0.4020755188788787
954	0.4025514440380369
955	0.4025514440380369
956	0.4025514440380369
957	0.4025514440380369
958	0.4025514440380369
959	0.4025514440380369
960	0.4030273691971946
961	0.4030273691971946
962	0.4030273691971946
963	0.4030273691971946
964	0.4030273691971946
965	0.4030273691971946
966	0.40350329435635235
967	0.40350329435635235
968	0.40350329435635235
969	0.40350329435635235
970	0.40350329435635235
971	0.4039792195155101
972	0.4039792195155101
973	0.4039792195155101
974	0.4039792195155101
975	0.4039792195155101
976	0.4039792195155101
977	0.4044551446746678
978	0.4044551446746678
979	0.4044551446746678
980	0.4044551446746678
981	0.4044551446746678
982	0.4044551446746678
983	0.40493106983382576
984	0.40493106983382576
985	0.40493106983382576
986	0.40493106983382576
987	0.40493106983382576
988	0.4054069949929835
989	0.4054069949929835
990	0.4054069949929835
991	0.4054069949929835
992	0.4054069949929835
993	0.4054069949929835
994	0.4058829201521412
995	0.4058829201521412
996	0.4058829201521412
997	0.4058829201521412
998	0.4058829201521412
999	0.4058829201521412
1000	0.40635884531129896
1001	0.40635884531129896
1002	0.40635884531129896
1003	0.40635884531129896
1004	0.40635884531129896
1005	0.4068347704704569
1006	0.4068347704704569
1007	0.4068347704704569
1008	0.4068347704704569
1009	0.4068347704704569
1010	0.4068347704704569
1011	0.40731069562961486
1012	0.40731069562961486
1013	0.40731069562961486
1014	0.40731069562961486
1015	0.40731069562961486
1016	0.40731069562961486
1017	0.4077866207887726
1018	0.4077866207887726
1019	0.4077866207887726
1020	0.4077866207887726
1021	0.4077866207887726
1022	0.4082625459479303
1023	0.4082625459479303
1024	0.4082625459479303
1025	0.4082625459479303
1026	0.4082625459479303
1027	0.4082625459479303
1028	0.40873847110708805
1029	0.40873847110708805
1030	0.40873847110708805
1031	0.40873847110708805
1032	0.40873847110708805
1033	0.40873847110708805
1034	0.4092143962662458
1035	0.4092143962662458
1036	0.4092143962662458
1037	0.4092143962662458
1038	0.4092143962662458
1039	0.40969032142540374
1040	0.40969032142540374
1041	0.40969032142540374
1042	0.40969032142540374
1043	0.40969032142540374
1044	0.40969032142540374
1045	0.41016624658456147
1046	0.41016624658456147
1047	0.41016624658456147
1048	0.41016624658456147
1049	0.41016624658456147
1050	0.41016624658456147
1051	0.4106421717437194
1052	0.4106421717437194
1053	0.4106421717437194
1054	0.4106421717437194
1055	0.4106421717437194
1056	0.41111809690287715
1057	0.41111809690287715
1058	0.41111809690287715
1059	0.41111809690287715
1060	0.41111809690287715
1061	0.41111809690287715
1062	0.4115940220620349
1063	0.4115940220620349
1064	0.4115940220620349
1065	0.4115940220620349
1066	0.4115940220620349
1067	0.4115940220620349
1068	0.41206994722119283
1069	0.41206994722119283
1070	0.41206994722119283
1071	0.41206994722119283
1072	0.41206994722119283
1073	0.41254587238035056
1074	0.41254587238035056
1075	0.41254587238035056
1076	0.41254587238035056
1077	0.41254587238035056
1078	0.41254587238035056
1079	0.4130217975395083
1080	0.4130217975395083
1081	0.4130217975395083
1082	0.4130217975395083
1083	0.4130217975395083
1084	0.4130217975395083
1085	0.413497722698666
1086	0.413497722698666
1087	0.413497722698666
1088	0.413497722698666
1089	0.413497722698666
1090	0.41397364785782376
1091	0.41397364785782376
1092	0.41397364785782376
1093	0.41397364785782376
1094	0.41397364785782376
1095	0.41397364785782376
1096	0.41444957301698193
1097	0.41444957301698193
1098	0.41444957301698193
1099	0.41444957301698193
1100	0.41444957301698193
1101	0.41444957301698193
1102	0.41492549817613966
1103	0.41492549817613966
1104	0.41492549817613966
1105	0.41492549817613966
1106	0.41492549817613966
1107	0.4154014233352974
1108	0.4154014233352974
1109	0.4154014233352974
1110	0.4154014233352974
1111	0.4154014233352974
1112	0.4154014233352974
1113	0.4158773484944551
1114	0.4158773484944551
1115	0.4158773484944551
1116	0.4158773484944551
1117	0.4158773484944551
1118	0.4158773484944551
1119	0.41635327365361285
1120	0.41635327365361285
1121	0.41635327365361285
1122	0.41635327365361285
1123	0.41635327365361285
1124	0.4168291988127708
1125	0.4168291988127708
1126	0.4168291988127708
1127	0.4168291988127708
1128	0.4168291988127708
1129	0.4168291988127708
1130	0.41730512397192854
1131	0.41730512397192854
1132	0.41730512397192854
1133	0.41730512397192854
1134	0.41730512397192854
1135	0.41778104913108627
1136	0.41778104913108627
1137	0.41778104913108627
1138	0.41778104913108627
1139	0.41778104913108627
1140	0.41778104913108627
1141	0.418256974290244
1142	0.418256974290244
1143	0.418256974290244
1144	0.418256974290244
1145	0.418256974290244
1146	0.418256974290244
1147	0.41873289944940173
1148	0.41873289944940173
1149	0.41873289944940173
1150	0.41873289944940173
1151	0.41873289944940173
1152	0.4192088246085599
1153	0.4192088246085599
1154	0.4192088246085599
1155	0.4192088246085599
1156	0.4192088246085599
1157	0.4192088246085599
1158	0.41968474976771764
1159	0.41968474976771764
1160	0.41968474976771764
1161	0.41968474976771764
1162	0.41968474976771764
1163	0.41968474976771764
1164	0.42016067492687537
1165	0.42016067492687537
1166	0.42016067492687537
1167	0.42016067492687537
1168	0.42016067492687537
1169	0.4206366000860331
1170	0.4206366000860331
1171	0.4206366000860331
1172	0.4206366000860331
1173	0.4206366000860331
1174	0.4206366000860331
1175	0.4211125252451908
1176	0.4211125252451908
1177	0.4211125252451908
1178	0.4211125252451908
1179	0.4211125252451908
1180	0.4211125252451908
1181	0.4215884504043488
1182	0.4215884504043488
1183	0.4215884504043488
1184	0.4215884504043488
1185	0.4215884504043488
1186	0.4220643755635065
1187	0.4220643755635065
1188	0.4220643755635065
1189	0.4220643755635065
1190	0.4220643755635065
1191	0.4220643755635065
1192	0.42254030072266424
1193	0.42254030072266424
1194	0.42254030072266424
1195	0.42254030072266424
1196	0.42254030072266424
1197	0.42254030072266424
1198	0.423016225881822
1199	0.423016225881822
1200	0.423016225881822
1201	0.423016225881822
1202	0.423016225881822
1203	0.4234921510409799
1204	0.4234921510409799
1205	0.4234921510409799
1206	0.4234921510409799
1207	0.4234921510409799
1208	0.4234921510409799
1209	0.4239680762001379
1210	0.4239680762001379
1211	0.4239680762001379
1212	0.4239680762001379
1213	0.4239680762001379
1214	0.4239680762001379
1215	0.4244440013592956
1216	0.4244440013592956
1217	0.4244440013592956
1218	0.4244440013592956
1219	0.4244440013592956
1220	0.42491992651845334
1221	0.42491992651845334
1222	0.42491992651845334
1223	0.42491992651845334
1224	0.42491992651845334
1225	0.42491992651845334
1226	0.42539585167761107
1227	0.42539585167761107
1228	0.42539585167761107
1229	0.42539585167761107
1230	0.42539585167761107
1231	0.42539585167761107
1232	0.4258717768367688
1233	0.4258717768367688
1234	0.4258717768367688
1235	0.4258717768367688
1236	0.4258717768367688
1237	0.42634770199592675
1238	0.42634770199592675
1239	0.42634770199592675
1240	0.42634770199592675
1241	0.42634770199592675
1242	0.42634770199592675
1243	0.4268236271550845
1244	0.4268236271550845
1245	0.4268236271550845
1246	0.4268236271550845
1247	0.4268236271550845
1248	0.4268236271550845
1249	0.42729955231424244
1250	0.42729955231424244
1251	0.42729955231424244
1252	0.42729955231424244
1253	0.42729955231424244
1254	0.42777547747340017
1255	0.42777547747340017
1256	0.42777547747340017
1257	0.42777547747340017
1258	0.42777547747340017
1259	0.42777547747340017
1260	0.4282514026325579
1261	0.4282514026325579
1262	0.4282514026325579
1263	0.4282514026325579
1264	0.4282514026325579
1265	0.4282514026325579
1266	0.42872732779171585
1267	0.42872732779171585
1268	0.42872732779171585
1269	0.42872732779171585
1270	0.42872732779171585
1271	0.4292032529508736
1272	0.4292032529508736
1273	0.4292032529508736
1274	0.4292032529508736
1275	0.4292032529508736
1276	0.4292032529508736
1277	0.4296791781100313
1278	0.4296791781100313
1279	0.4296791781100313
1280	0.4296791781100313
1281	0.4296791781100313
1282	0.43015510326918904
1283	0.43015510326918904
1284	0.43015510326918904
1285	0.43015510326918904
1286	0.43015510326918904
1287	0.43015510326918904
1288	0.4306310284283468
1289	0.4306310284283468
1290	0.4306310284283468
1291	0.4306310284283468
1292	0.4306310284283468
1293	0.4306310284283468
1294	0.43110695358750495
1295	0.43110695358750495
1296	0.43110695358750495
1297	0.43110695358750495
1298	0.43110695358750495
1299	0.4315828787466627
1300	0.4315828787466627
1301	0.4315828787466627
1302	0.4315828787466627
1303	0.4315828787466627
1304	0.4315828787466627
1305	0.4320588039058204
1306	0.4320588039058204
1307	0.4320588039058204
1308	0.4320588039058204
1309	0.4320588039058204
1310	0.4320588039058204
1311	0.43253472906497814
1312	0.43253472906497814
1313	0.43253472906497814
1314	0.43253472906497814
1315	0.43253472906497814
1316	0.43301065422413587
1317	0.43301065422413587
1318	0.43301065422413587
1319	0.43301065422413587
1320	0.43301065422413587
1321	0.43301065422413587
1322	0.4334865793832938
1323	0.4334865793832938
1324	0.4334865793832938
1325	0.4334865793832938
1326	0.4334865793832938
1327	0.4334865793832938
1328	0.43396250454245155
1329	0.43396250454245155
1330	0.43396250454245155
1331	0.43396250454245155
1332	0.43396250454245155
1333	0.4344384297016093
1334	0.4344384297016093
1335	0.4344384297016093
1336	0.4344384297016093
1337	0.4344384297016093
1338	0.4344384297016093
1339	0.434914354860767
1340	0.434914354860767
1341	0.434914354860767
1342	0.434914354860767
1343	0.434914354860767
1344	0.434914354860767
1345	0.43539028001992475
1346	0.43539028001992475
1347	0.43539028001992475
1348	0.43539028001992475
1349	0.43539028001992475
1350	0.4358662051790829
1351	0.4358662051790829
1352	0.4358662051790829
1353	0.4358662051790829
1354	0.4358662051790829
1355	0.4358662051790829
1356	0.43634213033824065
1357	0.43634213033824065
1358	0.43634213033824065
1359	0.43634213033824065
1360	0.43634213033824065
1361	0.4368180554973984
1362	0.4368180554973984
1363	0.4368180554973984
1364	0.4368180554973984
1365	0.4368180554973984
1366	0.4368180554973984
1367	0.4372939806565561
1368	0.4372939806565561
1369	0.4372939806565561
1370	0.4372939806565561
1371	0.4372939806565561
1372	0.4372939806565561
1373	0.43776990581571384
1374	0.43776990581571384
1375	0.43776990581571384
1376	0.43776990581571384
1377	0.43776990581571384
1378	0.4382458309748718
1379	0.4382458309748718
1380	0.4382458309748718
1381	0.4382458309748718
1382	0.4382458309748718
1383	0.4382458309748718
1384	0.43872175613402953
1385	0.43872175613402953
1386	0.43872175613402953
1387	0.43872175613402953
1388	0.43872175613402953
1389	0.43872175613402953
1390	0.43919768129318726
1391	0.43919768129318726
1392	0.43919768129318726
1393	0.43919768129318726
1394	0.43919768129318726
1395	0.439673606452345
1396	0.439673606452345
1397	0.439673606452345
1398	0.439673606452345
1399	0.439673606452345
1400	0.439673606452345
1401	0.44014953161150294
1402	0.44014953161150294
1403	0.44014953161150294
1404	0.44014953161150294
1405	0.44014953161150294
1406	0.44014953161150294
1407	0.4406254567706609
1408	0.4406254567706609
1409	0.4406254567706609
1410	0.4406254567706609
1411	0.4406254567706609
1412	0.4411013819298186
1413	0.4411013819298186
1414	0.4411013819298186
1415	0.4411013819298186
1416	0.4411013819298186
1417	0.4411013819298186
1418	0.44157730708897636
1419	0.44157730708897636
1420	0.44157730708897636
1421	0.44157730708897636
1422	0.44157730708897636
1423	0.44157730708897636
1424	0.4420532322481341
1425	0.4420532322481341
1426	0.4420532322481341
1427	0.4420532322481341
1428	0.4420532322481341
1429	0.4425291574072918
1430	0.4425291574072918
1431	0.4425291574072918
1432	0.4425291574072918
1433	0.4425291574072918
1434	0.4425291574072918
1435	0.44300508256644977
1436	0.44300508256644977
1437	0.44300508256644977
1438	0.44300508256644977
1439	0.44300508256644977
1440	0.44300508256644977
1441	0.4434810077256075
1442	0.4434810077256075
1443	0.4434810077256075
1444	0.4434810077256075
1445	0.4434810077256075
1446	0.44395693288476545
1447	0.44395693288476545
1448	0.44395693288476545
1449	0.44395693288476545
1450	0.44395693288476545
1451	0.44395693288476545
1452	0.4444328580439232
1453	0.4444328580439232
1454	0.4444328580439232
1455	0.4444328580439232
1456	0.4444328580439232
1457	0.4449087832030809
1458	0.4449087832030809
1459	0.4449087832030809
1460	0.4449087832030809
1461	0.4449087832030809
1462	0.4449087832030809
1463	0.44538470836223887
1464	0.44538470836223887
1465	0.44538470836223887
1466	0.44538470836223887
1467	0.44538470836223887
1468	0.44538470836223887
1469	0.4458606335213966
1470	0.4458606335213966
1471	0.4458606335213966
1472	0.4458606335213966
1473	0.4458606335213966
1474	0.44633655868055433
1475	0.44633655868055433
1476	0.44633655868055433
1477	0.44633655868055433
1478	0.44633655868055433
1479	0.44633655868055433
1480	0.44681248383971206
1481	0.44681248383971206
1482	0.44681248383971206
1483	0.44681248383971206
1484	0.44681248383971206
1485	0.44681248383971206
1486	0.4472884089988698
1487	0.4472884089988698
1488	0.4472884089988698
1489	0.4472884089988698
1490	0.4472884089988698
1491	0.44776433415802797
1492	0.44776433415802797
1493	0.44776433415802797
1494	0.44776433415802797
1495	0.44776433415802797
1496	0.44776433415802797
1497	0.4482402593171857
1498	0.4482402593171857
1499	0.4482402593171857
1500	0.4482402593171857
1501	0.4482402593171857
1502	0.4482402593171857
1503	0.4487161844763434
1504	0.4487161844763434
1505	0.4487161844763434
1506	0.4487161844763434
1507	0.4487161844763434
1508	0.44919210963550116
1509	0.44919210963550116
1510	0.44919210963550116
1511	0.44919210963550116
1512	0.44919210963550116
1513	0.44919210963550116
1514	0.4496680347946589
1515	0.4496680347946589
1516	0.4496680347946589
1517	0.4496680347946589
1518	0.4496680347946589
1519	0.4496680347946589
1520	0.45014395995381684
1521	0.45014395995381684
1522	0.45014395995381684
1523	0.45014395995381684
1524	0.45014395995381684
1525	0.45061988511297457
1526	0.45061988511297457
1527	0.45061988511297457
1528	0.45061988511297457
1529	0.45061988511297457
1530	0.45061988511297457
1531	0.4510958102721323
1532	0.4510958102721323
1533	0.4510958102721323
1534	0.4510958102721323
1535	0.4510958102721323
1536	0.4510958102721323
1537	0.4510958102721323
1538	0.4510958102721323
1539	0.4510958102721323
1540	0.4510958102721323
1541	0.4510958102721323
1542	0.4510958102721323
1543	0.4510958102721323
1544	0.4510958102721323
1545	0.4510958102721323
1546	0.4510958102721323
1547	0.4510958102721323
1548	0.4510958102721323
1549	0.4510958102721323
1550	0.4510958102721323
1551	0.4510958102721323
1552	0.4510958102721323
1553	0.4510958102721323
1554	0.4510958102721323
1555	0.4510958102721323
1556	0.4510958102721323
1557	0.4510958102721323
1558	0.4510958102721323
1559	0.4510958102721323
1560	0.4510958102721323
1561	0.4510958102721323
1562	0.4510958102721323
1563	0.4510958102721323
1564	0.4510958102721323
1565	0.4510958102721323
1566	0.4510958102721323
1567	0.4510958102721323
1568	0.4510958102721323
1569	0.4510958102721323
1570	0.4510958102721323
1571	0.4510958102721323
1572	0.4510958102721323
1573	0.45157173543129003
1574	0.45157173543129003
1575	0.45157173543129003
1576	0.45157173543129003
1577	0.45157173543129003
1578	0.45157173543129003
1579	0.45204766059044776
1580	0.45204766059044776
1581	0.45204766059044776
1582	0.45204766059044776
1583	0.45204766059044776
1584	0.45204766059044776
1585	0.45252358574960594
1586	0.45252358574960594
1587	0.45252358574960594
1588	0.45252358574960594
1589	0.45252358574960594
1590	0.45299951090876367
1591	0.45299951090876367
1592	0.45299951090876367
1593	0.45299951090876367
1594	0.45299951090876367
1595	0.45299951090876367
1596	0.4534754360679214
1597	0.4534754360679214
1598	0.4534754360679214
1599	0.4534754360679214
1600	0.4534754360679214
1601	0.4534754360679214
1602	0.45395136122707913
1603	0.45395136122707913
1604	0.45395136122707913
1605	0.45395136122707913
1606	0.45395136122707913
1607	0.45442728638623686
1608	0.45442728638623686
1609	0.45442728638623686
1610	0.45442728638623686
1611	0.45442728638623686
1612	0.45442728638623686
1613	0.4549032115453948
1614	0.4549032115453948
1615	0.4549032115453948
1616	0.4549032115453948
1617	0.4549032115453948
1618	0.4549032115453948
1619	0.45537913670455255
1620	0.45537913670455255
1621	0.45537913670455255
1622	0.45537913670455255
1623	0.45537913670455255
1624	0.4558550618637103
1625	0.4558550618637103
1626	0.4558550618637103
1627	0.4558550618637103
1628	0.4558550618637103
1629	0.4558550618637103
1630	0.456330987022868
1631	0.456330987022868
1632	0.456330987022868
1633	0.456330987022868
1634	0.456330987022868
1635	0.45680691218202596
1636	0.45680691218202596
1637	0.45680691218202596
1638	0.45680691218202596
1639	0.45680691218202596
1640	0.45680691218202596
1641	0.4572828373411839
1642	0.4572828373411839
1643	0.4572828373411839
1644	0.4572828373411839
1645	0.4572828373411839
1646	0.4572828373411839
1647	0.45775876250034164
1648	0.45775876250034164
1649	0.45775876250034164
1650	0.45775876250034164
1651	0.45775876250034164
1652	0.4582346876594994
1653	0.4582346876594994
1654	0.4582346876594994
1655	0.4582346876594994
1656	0.4582346876594994
1657	0.4582346876594994
1658	0.4587106128186571
1659	0.4587106128186571
1660	0.4587106128186571
1661	0.4587106128186571
1662	0.4587106128186571
1663	0.4587106128186571
1664	0.45918653797781483
1665	0.45918653797781483
1666	0.45918653797781483
1667	0.45918653797781483
1668	0.45918653797781483
1669	0.45966246313697257
1670	0.45966246313697257
1671	0.45966246313697257
1672	0.45966246313697257
1673	0.45966246313697257
1674	0.45966246313697257
1675	0.4601383882961305
1676	0.4601383882961305
1677	0.4601383882961305
1678	0.4601383882961305
1679	0.4601383882961305
1680	0.4601383882961305
1681	0.46061431345528847
1682	0.46061431345528847
1683	0.46061431345528847
1684	0.46061431345528847
1685	0.46061431345528847
1686	0.4610902386144462
1687	0.4610902386144462
1688	0.4610902386144462
1689	0.4610902386144462
1690	0.4610902386144462
1691	0.4610902386144462
1692	0.46156616377360393
1693	0.46156616377360393
1694	0.46156616377360393
1695	0.46156616377360393
1696	0.46156616377360393
1697	0.46204208893276166
1698	0.46204208893276166
1699	0.46204208893276166
1700	0.46204208893276166
1701	0.46204208893276166
1702	0.46204208893276166
1703	0.4625180140919196
1704	0.4625180140919196
1705	0.4625180140919196
1706	0.4625180140919196
1707	0.4625180140919196
1708	0.4625180140919196
1709	0.46299393925107735
1710	0.46299393925107735
1711	0.46299393925107735
1712	0.46299393925107735
1713	0.46299393925107735
1714	0.4634698644102351
1715	0.4634698644102351
1716	0.4634698644102351
1717	0.4634698644102351
1718	0.4634698644102351
1719	0.4634698644102351
1720	0.4639457895693928
1721	0.4639457895693928
1722	0.4639457895693928
1723	0.4639457895693928
1724	0.4639457895693928
1725	0.4639457895693928
1726	0.46442171472855054
1727	0.46442171472855054
1728	0.46442171472855054
1729	0.46442171472855054
1730	0.46442171472855054
1731	0.4648976398877087
1732	0.4648976398877087
1733	0.4648976398877087
1734	0.4648976398877087
1735	0.4648976398877087
1736	0.4648976398877087
1737	0.46537356504686644
1738	0.46537356504686644
1739	0.46537356504686644
1740	0.46537356504686644
1741	0.46537356504686644
1742	0.4658494902060242
1743	0.4658494902060242
1744	0.4658494902060242
1745	0.4658494902060242
1746	0.4658494902060242
1747	0.4658494902060242
1748	0.4663254153651819
1749	0.4663254153651819
1750	0.4663254153651819
1751	0.4663254153651819
1752	0.4663254153651819
1753	0.4663254153651819
1754	0.46680134052433964
1755	0.46680134052433964
1756	0.46680134052433964
1757	0.46680134052433964
1758	0.46680134052433964
1759	0.4672772656834976
1760	0.4672772656834976
1761	0.4672772656834976
1762	0.4672772656834976
1763	0.4672772656834976
1764	0.4672772656834976
1765	0.4677531908426553
1766	0.4677531908426553
1767	0.4677531908426553
1768	0.4677531908426553
1769	0.4677531908426553
1770	0.4677531908426553
1771	0.46822911600181305
1772	0.46822911600181305
1773	0.46822911600181305
1774	0.46822911600181305
1775	0.46822911600181305
1776	0.4687050411609708
1777	0.4687050411609708
1778	0.4687050411609708
1779	0.4687050411609708
1780	0.4687050411609708
1781	0.4687050411609708
1782	0.4691809663201285
1783	0.4691809663201285
1784	0.4691809663201285
1785	0.4691809663201285
1786	0.4691809663201285
1787	0.4691809663201285
1788	0.4696568914792867
1789	0.4696568914792867
1790	0.4696568914792867
1791	0.4696568914792867
1792	0.4696568914792867
1793	0.4701328166384444
1794	0.4701328166384444
1795	0.4701328166384444
1796	0.4701328166384444
1797	0.4701328166384444
1798	0.4701328166384444
1799	0.47060874179760215
1800	0.47060874179760215
1801	0.47060874179760215
1802	0.47060874179760215
1803	0.47060874179760215
1804	0.4710846669567599
1805	0.4710846669567599
1806	0.4710846669567599
1807	0.4710846669567599
1808	0.4710846669567599
1809	0.4710846669567599
1810	0.4715605921159176
1811	0.4715605921159176
1812	0.4715605921159176
1813	0.4715605921159176
1814	0.4715605921159176
1815	0.4715605921159176
1816	0.47203651727507556
1817	0.47203651727507556
1818	0.47203651727507556
1819	0.47203651727507556
1820	0.47203651727507556
1821	0.4725124424342333
1822	0.4725124424342333
1823	0.4725124424342333
1824	0.4725124424342333
1825	0.4725124424342333
1826	0.4725124424342333
1827	0.472988367593391
1828	0.472988367593391
1829	0.472988367593391
1830	0.472988367593391
1831	0.472988367593391
1832	0.472988367593391
1833	0.473464292752549
1834	0.473464292752549
1835	0.473464292752549
1836	0.473464292752549
1837	0.473464292752549
1838	0.4739402179117067
1839	0.4739402179117067
1840	0.4739402179117067
1841	0.4739402179117067
1842	0.4739402179117067
1843	0.4739402179117067
1844	0.47441614307086466
1845	0.47441614307086466
1846	0.47441614307086466
1847	0.47441614307086466
1848	0.47441614307086466
1849	0.4748920682300224
1850	0.4748920682300224
1851	0.4748920682300224
1852	0.4748920682300224
1853	0.4748920682300224
1854	0.4748920682300224
1855	0.4753679933891801
1856	0.4753679933891801
1857	0.4753679933891801
1858	0.4753679933891801
1859	0.4753679933891801
1860	0.4753679933891801
1861	0.47584391854833785
1862	0.47584391854833785
1863	0.47584391854833785
1864	0.47584391854833785
1865	0.47584391854833785
1866	0.4763198437074956
1867	0.4763198437074956
1868	0.4763198437074956
1869	0.4763198437074956
1870	0.4763198437074956
1871	0.4763198437074956
1872	0.47679576886665354
1873	0.47679576886665354
1874	0.47679576886665354
1875	0.47679576886665354
1876	0.47679576886665354
1877	0.47679576886665354
1878	0.4772716940258115
1879	0.4772716940258115
1880	0.4772716940258115
1881	0.4772716940258115
1882	0.4772716940258115
1883	0.4777476191849692
1884	0.4777476191849692
1885	0.4777476191849692
1886	0.4777476191849692
1887	0.4777476191849692
1888	0.4777476191849692
1889	0.47822354434412695
1890	0.47822354434412695
1891	0.47822354434412695
1892	0.47822354434412695
1893	0.47822354434412695
1894	0.4786994695032847
1895	0.4786994695032847
1896	0.4786994695032847
1897	0.4786994695032847
1898	0.4786994695032847
1899	0.4786994695032847
1900	0.47917539466244263
1901	0.47917539466244263
1902	0.47917539466244263
1903	0.47917539466244263
1904	0.47917539466244263
1905	0.47917539466244263
1906	0.47965131982160036
1907	0.47965131982160036
1908	0.47965131982160036
1909	0.47965131982160036
1910	0.47965131982160036
1911	0.4801272449807581
1912	0.4801272449807581
1913	0.4801272449807581
1914	0.4801272449807581
1915	0.4801272449807581
1916	0.4801272449807581
1917	0.4806031701399158
1918	0.4806031701399158
1919	0.4806031701399158
1920	0.4806031701399158
1921	0.4806031701399158
1922	0.4806031701399158
1923	0.48107909529907356
1924	0.48107909529907356
1925	0.48107909529907356
1927	0.48107909529907356
1929	0.48107909529907356
1932	0.48155502045823173
1933	0.48155502045823173
1934	0.48155502045823173
1935	0.48155502045823173
1936	0.48155502045823173
1937	0.48155502045823173
1938	0.48203094561738946
1939	0.48203094561738946
1940	0.48203094561738946
1941	0.48203094561738946
1942	0.48203094561738946
1943	0.4825068707765472
1944	0.4825068707765472
1945	0.4825068707765472
1946	0.4825068707765472
1947	0.4825068707765472
1948	0.4825068707765472
1949	0.4829827959357049
1950	0.4829827959357049
1951	0.4829827959357049
1952	0.4829827959357049
1953	0.4829827959357049
1954	0.4829827959357049
1955	0.48345872109486265
1956	0.48345872109486265
1957	0.48345872109486265
1958	0.48345872109486265
1959	0.48345872109486265
1960	0.4839346462540206
1961	0.4839346462540206
1962	0.4839346462540206
1963	0.4839346462540206
1964	0.4839346462540206
1965	0.4839346462540206
1966	0.48441057141317834
1967	0.48441057141317834
1968	0.48441057141317834
1969	0.48441057141317834
1970	0.48441057141317834
1971	0.48441057141317834
1972	0.48488649657233607
1973	0.48488649657233607
1974	0.48488649657233607
1975	0.48488649657233607
1976	0.48488649657233607
1977	0.4853624217314938
1978	0.4853624217314938
1979	0.4853624217314938
1980	0.4853624217314938
1981	0.4853624217314938
1982	0.4853624217314938
1983	0.48583834689065153
1984	0.48583834689065153
1985	0.48583834689065153
1986	0.48583834689065153
1987	0.48583834689065153
1988	0.4863142720498097
1989	0.4863142720498097
1990	0.4863142720498097
1991	0.4863142720498097
1992	0.4863142720498097
1993	0.4863142720498097
1994	0.48679019720896743
1995	0.48679019720896743
1996	0.48679019720896743
1997	0.48679019720896743
1998	0.48679019720896743
1999	0.48679019720896743
2000	0.48726612236812517
2001	0.48726612236812517
2002	0.48726612236812517
2003	0.48726612236812517
2004	0.48726612236812517
2005	0.4877420475272829
2006	0.4877420475272829
2007	0.4877420475272829
2008	0.4877420475272829
2009	0.4877420475272829
2010	0.4877420475272829
2011	0.4882179726864406
2012	0.4882179726864406
2013	0.4882179726864406
2014	0.4882179726864406
2015	0.4882179726864406
2016	0.4882179726864406
2017	0.4886938978455986
2018	0.4886938978455986
2019	0.4886938978455986
2020	0.4886938978455986
2021	0.4886938978455986
2022	0.4891698230047563
2023	0.4891698230047563
2024	0.4891698230047563
2025	0.4891698230047563
2026	0.4891698230047563
2027	0.4891698230047563
2028	0.48964574816391404
2029	0.48964574816391404
2030	0.48964574816391404
2031	0.48964574816391404
2032	0.48964574816391404
2033	0.490121673323072
2034	0.490121673323072
2035	0.490121673323072
2036	0.490121673323072
2037	0.490121673323072
2038	0.490121673323072
2039	0.4905975984822297
2040	0.4905975984822297
2041	0.4905975984822297
2042	0.4905975984822297
2043	0.4905975984822297
2044	0.4905975984822297
2045	0.4910735236413877
2046	0.4910735236413877
2047	0.4910735236413877
2048	0.4910735236413877
2049	0.4910735236413877
2050	0.4915494488005454
2051	0.4915494488005454
2052	0.4915494488005454
2053	0.4915494488005454
2054	0.4915494488005454
2055	0.4915494488005454
2056	0.49202537395970314
2057	0.49202537395970314
2058	0.49202537395970314
2059	0.49202537395970314
2060	0.49202537395970314
2061	0.49202537395970314
2062	0.49250129911886087
2063	0.49250129911886087
2064	0.49250129911886087
2065	0.49250129911886087
2066	0.49250129911886087
2067	0.4929772242780186
2068	0.4929772242780186
2069	0.4929772242780186
2070	0.4929772242780186
2071	0.4929772242780186
2072	0.4929772242780186
2073	0.49345314943717655
2074	0.49345314943717655
2075	0.49345314943717655
2076	0.49345314943717655
2077	0.49345314943717655
2078	0.4939290745963345
2079	0.4939290745963345
2080	0.4939290745963345
2081	0.4939290745963345
2082	0.4939290745963345
2083	0.4939290745963345
2084	0.49440499975549224
2085	0.49440499975549224
2086	0.49440499975549224
2087	0.49440499975549224
2088	0.49440499975549224
2089	0.49440499975549224
2090	0.49488092491464997
2091	0.49488092491464997
2092	0.49488092491464997
2093	0.49488092491464997
2094	0.49488092491464997
2095	0.4953568500738077
2096	0.4953568500738077
2097	0.4953568500738077
2098	0.4953568500738077
2099	0.4953568500738077
2100	0.4953568500738077
2101	0.49583277523296565
2102	0.49583277523296565
2103	0.49583277523296565
2104	0.49583277523296565
2105	0.49583277523296565
2106	0.4963087003921234
2107	0.4963087003921234
2108	0.4963087003921234
2109	0.4963087003921234
2110	0.4963087003921234
2111	0.4963087003921234
2112	0.4967846255512811
2113	0.4967846255512811
2114	0.4967846255512811
2115	0.4967846255512811
2116	0.4967846255512811
2117	0.4967846255512811
2118	0.49726055071043884
2119	0.49726055071043884
2120	0.49726055071043884
2121	0.49726055071043884
2122	0.49726055071043884
2123	0.4977364758695966
2124	0.4977364758695966
2125	0.4977364758695966
2126	0.4977364758695966
2127	0.4977364758695966
2128	0.4977364758695966
2129	0.49821240102875475
2130	0.49821240102875475
2131	0.49821240102875475
2132	0.49821240102875475
2133	0.49821240102875475
2134	0.49821240102875475
2135	0.4986883261879125
2136	0.4986883261879125
2137	0.4986883261879125
2138	0.4986883261879125
2139	0.4986883261879125
2140	0.4991642513470702
2141	0.4991642513470702
2142	0.4991642513470702
2143	0.4991642513470702
2144	0.4991642513470702
2145	0.4991642513470702
2146	0.49964017650622794
2147	0.49964017650622794
2148	0.49964017650622794
2149	0.49964017650622794
2150	0.49964017650622794
2151	0.5001161016653857
2152	0.5001161016653857
2153	0.5001161016653857
2154	0.5001161016653857
2155	0.5001161016653857
2156	0.5001161016653857
2157	0.5005920268245436
2158	0.5005920268245436
2159	0.5005920268245436
2160	0.5005920268245436
2161	0.5005920268245436
2162	0.5005920268245436
2163	0.5010679519837014
2164	0.5010679519837014
2165	0.5010679519837014
2166	0.5010679519837014
2167	0.5010679519837014
2168	0.5015438771428591
2169	0.5015438771428591
2170	0.5015438771428591
2171	0.5015438771428591
2172	0.5015438771428591
2173	0.5015438771428591
2174	0.5020198023020168
2175	0.5020198023020168
2176	0.5020198023020168
2177	0.5020198023020168
2178	0.5020198023020168
2179	0.5024957274611745
2180	0.5024957274611745
2181	0.5024957274611745
2182	0.5024957274611745
2183	0.5024957274611745
2184	0.5024957274611745
2185	0.5029716526203327
2186	0.5029716526203327
2187	0.5029716526203327
2188	0.5029716526203327
2189	0.5029716526203327
2190	0.5029716526203327
2191	0.5034475777794905
2192	0.5034475777794905
2193	0.5034475777794905
2194	0.5034475777794905
2195	0.5034475777794905
2196	0.5039235029386482
2197	0.5039235029386482
2198	0.5039235029386482
2199	0.5039235029386482
2200	0.5039235029386482
2201	0.5039235029386482
2202	0.5043994280978059
2203	0.5043994280978059
2204	0.5043994280978059
2205	0.5043994280978059
2206	0.5043994280978059
2207	0.5043994280978059
2208	0.5048753532569636
2209	0.5048753532569636
2210	0.5048753532569636
2211	0.5048753532569636
2212	0.5048753532569636
2213	0.5053512784161216
2214	0.5053512784161216
2215	0.5053512784161216
2216	0.5053512784161216
2217	0.5053512784161216
2218	0.5053512784161216
2219	0.5058272035752793
2220	0.5058272035752793
2221	0.5058272035752793
2222	0.5058272035752793
2223	0.5058272035752793
2224	0.5063031287344371
2225	0.5063031287344371
2226	0.5063031287344371
2227	0.5063031287344371
2228	0.5063031287344371
2229	0.5063031287344371
2230	0.506779053893595
2231	0.506779053893595
2232	0.506779053893595
2233	0.506779053893595
2234	0.506779053893595
2235	0.506779053893595
2236	0.5072549790527527
2237	0.5072549790527527
2238	0.5072549790527527
2239	0.5072549790527527
2240	0.5072549790527527
2241	0.5077309042119107
2242	0.5077309042119107
2243	0.5077309042119107
2244	0.5077309042119107
2245	0.5077309042119107
2246	0.5077309042119107
2247	0.5082068293710684
2248	0.5082068293710684
2249	0.5082068293710684
2250	0.5082068293710684
2251	0.5082068293710684
2252	0.5086827545302262
2253	0.5086827545302262
2254	0.5086827545302262
2255	0.5086827545302262
2256	0.5086827545302262
2257	0.5086827545302262
2258	0.5091586796893839
2259	0.5091586796893839
2260	0.5091586796893839
2261	0.5091586796893839
2262	0.5091586796893839
2263	0.5091586796893839
2264	0.5096346048485416
2265	0.5096346048485416
2266	0.5096346048485416
2267	0.5096346048485416
2268	0.5096346048485416
2269	0.5101105300076996
2270	0.5101105300076996
2271	0.5101105300076996
2272	0.5101105300076996
2273	0.5101105300076996
2274	0.5101105300076996
2275	0.5105864551668575
2276	0.5105864551668575
2277	0.5105864551668575
2278	0.5105864551668575
2279	0.5105864551668575
2280	0.5110623803260153
2281	0.5110623803260153
2282	0.5110623803260153
2283	0.5110623803260153
2284	0.5110623803260153
2285	0.5110623803260153
2286	0.511538305485173
2287	0.511538305485173
2288	0.511538305485173
2289	0.511538305485173
2290	0.511538305485173
2291	0.511538305485173
2292	0.5120142306443307
2293	0.5120142306443307
2294	0.5120142306443307
2295	0.5120142306443307
2296	0.5120142306443307
2297	0.5124901558034887
2298	0.5124901558034887
2299	0.5124901558034887
2300	0.5124901558034887
2301	0.5124901558034887
2302	0.5124901558034887
2303	0.5129660809626464
2304	0.5129660809626464
2305	0.5129660809626464
2306	0.5129660809626464
2307	0.5129660809626464
2308	0.5129660809626464
2309	0.5134420061218041
2310	0.5134420061218041
2311	0.5134420061218041
2312	0.5134420061218041
2313	0.5134420061218041
2314	0.5139179312809619
2315	0.5139179312809619
2316	0.5139179312809619
2317	0.5139179312809619
2318	0.5139179312809619
2319	0.5139179312809619
2320	0.5143938564401196
2321	0.5143938564401196
2322	0.5143938564401196
2323	0.5143938564401196
2324	0.5143938564401196
2325	0.5148697815992778
2326	0.5148697815992778
2327	0.5148697815992778
2328	0.5148697815992778
2329	0.5148697815992778
2330	0.5148697815992778
2331	0.5153457067584355
2332	0.5153457067584355
2333	0.5153457067584355
2334	0.5153457067584355
2335	0.5153457067584355
2336	0.5153457067584355
2337	0.5158216319175932
2338	0.5158216319175932
2339	0.5158216319175932
2340	0.5158216319175932
2341	0.5158216319175932
2342	0.516297557076751
2344	0.9178159101870103
2345	0.9182918353461678
2346	0.9182918353461678
2347	0.9182918353461678
2348	0.9187677605053257
2349	0.9187677605053257
2350	0.9187677605053257
2351	0.9192436856644832
2352	0.9192436856644832
2353	0.9192436856644832
2354	0.9192436856644832
2355	0.9197196108236412
2356	0.9197196108236412
2357	0.9197196108236412
2358	0.9201955359827991
2359	0.9201955359827991
2360	0.9201955359827991
2361	0.9206714611419566
2362	0.9206714611419566
2363	0.9206714611419566
2364	0.9731044692587769
2365	0.9731044692587769
2366	0.9735803944179349
2367	0.9735803944179349
2368	0.9735803944179349
2369	0.9735803944179349
2370	0.9740563195770924
2371	0.9740563195770924
2372	0.9740563195770924
2373	0.9740563195770924
2374	0.9745322447362503
2375	0.9745322447362503
2376	0.9745322447362503
2377	0.9745322447362503
2378	0.9750081698954078
2379	0.9750081698954078
2380	0.9750081698954078
2381	0.9750081698954078
2382	0.9750081698954078
2383	0.9754840950545658
2384	0.9754840950545658
2385	0.9754840950545658
2386	0.9754840950545658
2387	0.9759600202137237
2388	0.9759600202137237
2389	0.9759600202137237
2390	0.9759600202137237
2391	0.9764359453728813
2392	0.9764359453728813
2393	0.9764359453728813
2394	0.9764359453728813
2395	0.9769118705320392
2396	0.9769118705320392
2397	0.9769118705320392
2398	0.9769118705320392
2399	0.9773877956911972
2400	0.9773877956911972
2401	0.9773877956911972
2402	0.9773877956911972
2403	0.9773877956911972
2404	0.9778637208503551
2405	0.9778637208503551
2406	0.9778637208503551
2407	0.9778637208503551
2408	0.9783396460095126
2409	0.9783396460095126
2410	0.9783396460095126
2411	0.9783396460095126
2412	0.9788155711686706
2413	0.9788155711686706
2414	0.9788155711686706
2415	0.9788155711686706
2416	0.9792914963278281
2417	0.9792914963278281
2418	0.9792914963278281
2419	0.9792914963278281
2420	0.979767421486986
2421	0.979767421486986
2422	0.979767421486986
2423	0.979767421486986
2424	0.980243346646144
2425	0.980243346646144
2426	0.980243346646144
2427	0.980243346646144
2428	0.980243346646144
2429	0.9807192718053015
2430	0.9807192718053015
2431	0.9807192718053015
2432	0.9807192718053015
2433	0.9811951969644594
2434	0.9811951969644594
2435	0.9811951969644594
2436	0.9811951969644594
2437	0.981671122123617
2438	0.981671122123617
2439	0.981671122123617
2440	0.981671122123617
2441	0.9821470472827754
2442	0.9821470472827754
2443	0.9821470472827754
2444	0.9821470472827754
2445	0.9826229724419329
2446	0.9826229724419329
2447	0.9826229724419329
2448	0.9826229724419329
2449	0.9830988976010908
2450	0.9830988976010908
2451	0.9830988976010908
2452	0.9830988976010908
2453	0.9830988976010908
2454	0.9830988976010908
2455	0.9835748227602483
2456	0.9835748227602483
2457	0.9835748227602483
2458	0.9835748227602483
2459	0.9840507479194063
2460	0.9840507479194063
2461	0.9840507479194063
2462	0.9840507479194063
2463	0.9845266730785642
2464	0.9845266730785642
2465	0.9845266730785642
2466	0.9845266730785642
2467	0.9850025982377217
2468	0.9850025982377217
2469	0.9850025982377217
2470	0.9850025982377217
2471	0.9854785233968797
2472	0.9854785233968797
2473	0.9854785233968797
2474	0.9854785233968797
2475	0.9859544485560372
2476	0.9859544485560372
2477	0.9859544485560372
2478	0.9859544485560372
2479	0.9864303737151952
2480	0.9864303737151952
2481	0.9864303737151952
2482	0.9864303737151952
2483	0.9864303737151952
2484	0.9869062988743531
2485	0.9869062988743531
2486	0.9869062988743531
2487	0.9869062988743531
2488	0.9873822240335111
2489	0.9873822240335111
2490	0.9873822240335111
2491	0.9873822240335111
2492	0.987858149192669
2493	0.987858149192669
2494	0.987858149192669
2495	0.987858149192669
2496	0.9883340743518265
2497	0.9883340743518265
2498	0.9883340743518265
2499	0.9883340743518265
2500	0.9888099995109845
2501	0.9888099995109845
2502	0.9888099995109845
2503	0.9888099995109845
2504	0.989285924670142
2505	0.989285924670142
2506	0.989285924670142
2507	0.989285924670142
2508	0.989285924670142
2509	0.9897618498292999
2510	0.9897618498292999
2511	0.9897618498292999
2512	0.9897618498292999
2513	0.9902377749884574
2514	0.9902377749884574
2515	0.9902377749884574
2516	0.9902377749884574
2517	0.9907137001476154
2518	0.9907137001476154
2519	0.9907137001476154
2520	0.9907137001476154
2521	0.9911896253067729
2522	0.9911896253067729
2523	0.9911896253067729
2524	0.9911896253067729
2525	0.9916655504659313
2526	0.9916655504659313
2527	0.9916655504659313
2528	0.9916655504659313
2529	0.9921414756250893
2530	0.9921414756250893
2531	0.9921414756250893
2532	0.9921414756250893
2533	0.9921414756250893
2534	0.9926174007842468
2535	0.9926174007842468
