	amp_norm
0	0.010307671114544507
1	0.011113124522801502
2	0.012013547472137258
3	0.013037942918731543
4	0.014364064122935404
5	0.017959182946877764
6	0.01604845898241771
7	0.023669478111448462
8	0.020238559076990268
9	0.035505062537221715
10	0.028564424307756815
11	0.04721746923262401
12	0.07000848825271541
13	0.1513302655295202
14	0.13277869496458483
15	0.706528693311246
16	0.8641108076321835
17	0.04890374702577093
18	0.07390418519087728
19	0.03670090418241133
20	0.029217722568136692
21	0.02072929152210456
22	0.02413493575402387
23	0.018309507332280955
24	0.016104907726517022
25	0.014351422098481099
26	0.013232391111582325
27	0.012179014585999324
28	0.01116994506409591
29	0.010401410645000565
30	0.8803249447320737
31	0.036793859823466814
32	0.018143322015241596
33	0.010009512441862416
34	0.01008040289683967
35	0.010160755406303758
36	0.010244280483018042
37	0.010337582444419246
38	0.01041685073409802
39	0.010501768648680325
40	0.010599298252772893
41	0.010681140234034919
42	0.010761411719063326
43	0.010865853911179975
44	0.011043397161012493
45	0.011140443936726186
46	0.011249356473055055
47	0.011348625112179335
48	0.010955859717443799
49	0.011443359294867202
50	0.011548532742152388
51	0.011664992482850464
52	0.011768442809605264
53	0.011869604332940752
54	0.011985503772031872
55	0.012096146813848184
56	0.01222241275804421
57	0.012581635573312568
58	0.012841708935545152
59	0.012340117106589244
60	0.012718821037359773
61	0.012446643377937716
62	0.012964860843934082
63	0.013098906913053793
64	0.01323598215460828
65	0.013385176512871865
66	0.013524738417929403
67	0.013664328267288306
68	0.013811219940722787
69	0.013970150212990994
70	0.014137875530044764
71	0.014629214048832523
72	0.014278720409759567
73	0.014442929864138589
74	0.014795515674585724
75	0.015507191578049995
76	0.015330344264005235
77	0.015131283319616622
78	0.014949648776260992
79	0.01653304692289153
80	0.015706131617257976
81	0.01589758051621206
82	0.016101896001526467
83	0.01632793852281359
84	0.017203335408865737
85	0.01695473151133168
86	0.017440850058164037
87	0.016734541206677948
88	0.01874366992711338
89	0.018451396954187946
90	0.01816740611118558
91	0.017676565351994588
92	0.017930399445195793
93	0.019588757371284685
94	0.018998214489748564
95	0.019903651861221967
96	0.01928506662720591
97	0.020209868034470373
98	0.02055191050178347
99	0.02089859777908234
100	0.02125061846268783
101	0.02161507492266406
102	0.021967137061564886
103	0.022380474727897087
104	0.022777265153330017
105	0.02319333084653566
106	0.02363910776485867
107	0.024534515252837317
108	0.025007337804711934
109	0.02409956795157236
110	0.025551537852105188
111	0.026079029262157043
112	0.026618159618706633
113	0.02718737840127212
114	0.027811187979220692
115	0.028461474778065175
116	0.029111642181941937
117	0.02978448552903954
118	0.030540746767169585
119	0.03129733053283309
120	0.03205792035763988
121	0.032983532413905316
122	0.033788644689961324
123	0.03473832955766573
124	0.035743266057659706
125	0.036817681227065156
126	0.03789531317855033
127	0.039076542518752845
128	0.04460791473903423
129	0.04026027789014894
130	0.04167568451914307
131	0.04304720635161512
132	0.05209811162375446
133	0.04802994101347562
134	0.049924328866347664
135	0.046279871124855224
136	0.05430127299982035
137	0.05670820485779437
138	0.05950320987623007
139	0.06232555341446956
140	0.06562330753294997
141	0.08314991564955934
142	0.06935106427017895
143	0.07326302447547846
144	0.07776260250617763
145	0.08870124955706511
146	0.09585045573848862
147	0.1127893430378556
148	0.12398449997391546
149	0.10311353474338585
150	0.153390450641018
151	0.2013136822425137
152	0.17577220752290224
153	0.1370595514871132
154	0.24028931039860754
155	0.2937609813068665
156	0.37688994045101526
157	0.5020798190815219
158	0.7044293057748582
159	0.6982021805598562
160	0.5004079685590517
161	0.3725713357896139
162	0.2916756793885599
163	0.17426801359567967
164	0.23946906038018587
165	0.20161313797256156
166	0.1529439181164947
167	0.13601452996881172
168	0.1226510676329718
169	0.11196175631995683
170	0.07747450499530995
171	0.10321122671116735
172	0.09497701541298208
173	0.08278937080580599
174	0.08859335597252142
175	0.0655077209203623
176	0.07272099099307618
177	0.06908224474834218
178	0.061985707403528656
179	0.051731163505772254
180	0.05897290918125369
181	0.05647211192407274
182	0.05393770994568558
183	0.04971641532700599
184	0.04768922431614019
185	0.046026069731127814
186	0.04435252181324596
187	0.04278764299537561
188	0.03879541468776675
189	0.03764312643439087
190	0.04133461080241425
191	0.04005915375783288
192	0.036538354678675854
193	0.03544692757864452
194	0.0344963259564912
195	0.03355475902844449
196	0.032638156175848594
197	0.02952781324873075
198	0.030274335757206377
199	0.031019719159839015
200	0.03184979015135178
201	0.02887578550459967
202	0.02816860454916325
203	0.027548308494992232
204	0.026946192151852982
205	0.026384953504981982
206	0.02585560282038869
207	0.025320455118812635
208	0.0248262164222197
209	0.024293874838530308
210	0.02339394749551789
211	0.022933353434233607
212	0.023824209651082333
213	0.022525125466451232
214	0.020995191582032325
215	0.022164371642680116
216	0.021720435903567283
217	0.021353592808454717
218	0.020624150010820245
219	0.020287780086831873
220	0.0199889462110415
221	0.019681528711156714
222	0.0193548039819178
223	0.0182341077898748
224	0.019046925078625307
225	0.018758005335845956
226	0.018494684184282816
227	0.017454425623281394
228	0.016962825195095888
229	0.017697778947802414
230	0.017943553475537347
231	0.017185784690815803
232	0.016765196321058915
233	0.01653528855169166
234	0.01629697344224808
235	0.016082303130894263
236	0.01528631176146674
237	0.015890113707986434
238	0.015666779856947595
239	0.015473904301016977
240	0.015110971623778337
241	0.014925997875405042
242	0.014722299847172925
243	0.014564022179428789
244	0.01441182671132111
245	0.014242240045388288
246	0.01406330492662897
247	0.013925587886613926
248	0.013753792166766848
249	0.013579524267715592
250	0.013449168211616808
251	0.01331035703690255
252	0.013164232493222077
253	0.013017154866476508
254	0.012882069784583667
255	0.012754229954637031
256	0.012619835551138235
257	0.012485590504085334
258	0.012375845595038307
259	0.012242592543249914
260	0.012001908472399276
261	0.012115537018653439
262	0.011555119067641829
263	0.011884304290901874
264	0.01176578563956255
265	0.011655270954838289
266	0.011441673285584934
267	0.011327759805556812
268	0.011218380512295373
269	0.011125665253832583
270	0.011029474272860391
271	0.010630484032770178
272	0.010728320954667653
273	0.010924639689704307
274	0.010830036344272058
275	0.010457807448803268
276	0.010548437500203118
277	0.010281205992939451
278	0.010366689085548499
279	0.010188107454957612
280	0.010028830676598408
281	0.010100145137457514
