	amp_norm
0	0.010008053002752286
1	0.010028213717069441
2	0.010093399719585967
3	0.01007399037045883
4	0.01011379856228317
5	0.010138437029459029
6	0.010051986422800105
7	0.010158767799725852
8	0.010181411606162928
9	0.010203243099506445
10	0.010225615282097334
11	0.010249234642372729
12	0.010338767368010498
13	0.010360671341225407
14	0.010292955539137975
15	0.010270978290167643
16	0.010316598605423744
17	0.010385839417267522
18	0.01040708141196509
19	0.010430392786579448
20	0.010453137154295928
21	0.01047672171412246
22	0.010621773535791804
23	0.010597309279885798
24	0.010523961369195367
25	0.010544341994424014
26	0.010500087977461787
27	0.010571467309563504
28	0.010645546246561246
29	0.010668774028120344
30	0.01069235034374354
31	0.010716864068520947
32	0.010740562858370974
33	0.010768684834023563
34	0.010793006775614811
35	0.010817114060867576
36	0.010842395907344794
37	0.01087146476643846
38	0.010995150311102736
39	0.010919466219732195
40	0.010944266572656468
41	0.010892615973030586
42	0.010969668392149901
43	0.011022544407376652
44	0.011047857373542113
45	0.01107554855821728
46	0.011101137986770416
47	0.011126179243831988
48	0.01115339987054639
49	0.011181801015779083
50	0.0112084553178574
51	0.01123368267921443
52	0.011262064282103657
53	0.011290258605774988
54	0.011427567714250561
55	0.011371964845304812
56	0.011343652405266942
57	0.01131508620191411
58	0.011396338613411215
59	0.011455942686886976
60	0.01148419643988676
61	0.011511957554920028
62	0.011539900456124502
63	0.01157093181373902
64	0.011597453643008413
65	0.011627525542399299
66	0.011658276783839018
67	0.011688953480775251
68	0.011714730048779895
69	0.011869447221903721
70	0.011775573838916429
71	0.01180740809806082
72	0.011749632639535186
73	0.011838892722216028
74	0.011958141732508283
75	0.011990137553624118
76	0.012023296406839024
77	0.012054123944413646
78	0.011897495715333096
79	0.011929629158512027
80	0.01208438875447407
81	0.01211520314505984
82	0.012150838188674332
83	0.012179185430401187
84	0.012210210071303084
85	0.012342090151791114
86	0.012374923663360975
87	0.012278150842204828
88	0.012245540278636904
89	0.012309939927464878
90	0.012407816601141796
91	0.012442580187238214
92	0.01247504500095834
93	0.012507138372597097
94	0.0125424297945865
95	0.01257565801981449
96	0.012610530261436097
97	0.012646976742984971
98	0.012681399018157742
99	0.012710617501162754
100	0.012896267630049833
101	0.012859673381436293
102	0.012789489930087286
103	0.01275229940123573
104	0.012820996776938669
105	0.012929004980047776
106	0.012969558547397774
107	0.013004678690550534
108	0.013042765478702631
109	0.013081726792790778
110	0.013121205225313792
111	0.013155492703693619
112	0.013192777735557212
113	0.013225839173680901
114	0.01327060141673282
115	0.013308498988973289
116	0.013505331426919105
117	0.013425300408150488
118	0.013385502595066719
119	0.013346929416821245
120	0.013470526578796292
121	0.013544618389637567
122	0.013584668540897866
123	0.013626055430003689
124	0.013664347471732022
125	0.01370581606012718
126	0.013746745395673228
127	0.013784318341980748
128	0.013829486769629975
129	0.013872731348450665
130	0.013912895452746835
131	0.01413044482079268
132	0.014171034141060933
133	0.014041996156133801
134	0.013957238231730461
135	0.014084753134966484
136	0.01399845423643497
137	0.014395742267175948
138	0.014308816798478506
139	0.014259346201106752
140	0.014356593204119954
141	0.014213163366028058
142	0.014536190282016125
143	0.01457447489693743
144	0.014630507914223352
145	0.014442969630783767
146	0.014486462518879329
147	0.014678297127554358
148	0.014726216639342137
149	0.014773101860608246
150	0.014823350246821085
151	0.014867727057244137
152	0.015118094549765409
153	0.015069617217568927
154	0.015016334320349208
155	0.014966028578028394
156	0.014916335818545795
157	0.015219504138585818
158	0.01526854429373429
159	0.0153219977016862
160	0.015373833098887178
161	0.015168090860897885
162	0.015424017845101825
163	0.015477765334760162
164	0.015527978425647335
165	0.015579516303826433
166	0.015636799869111935
167	0.015694410333132635
168	0.015965750120246838
169	0.015909275717109463
170	0.015799128291275246
171	0.015744918658501653
172	0.015852252896301967
173	0.016021951665740195
174	0.01607400843161137
175	0.01613610249837754
176	0.016190756543198893
177	0.016253330299168787
178	0.016310868063298296
179	0.016374821014226354
180	0.016433663394223145
181	0.016491587675942936
182	0.016553004138070572
183	0.01686159557912389
184	0.016801281793946007
185	0.016673559711194517
186	0.016619890157841502
187	0.01673481807797588
188	0.016923598837092473
189	0.016991004025847505
190	0.017055510864711073
191	0.01711915036829212
192	0.017183338272559183
193	0.017249829440550122
194	0.017315538851451186
195	0.01738593240068406
196	0.017448710436153494
197	0.017517876104702786
198	0.017584784890293165
199	0.017859727215178242
200	0.017932416366628588
201	0.01772308998500398
202	0.017790282170815984
203	0.017653861641908422
204	0.018295870927890718
205	0.018146666347255744
206	0.018072494049269357
207	0.0182174801744058
208	0.01800191018718701
209	0.01851586526071632
210	0.01860300002880208
211	0.01867322677920161
212	0.0183635320959853
213	0.01844253364545067
214	0.01875670779160115
215	0.018833688756615837
216	0.018911941440766904
217	0.018994927819978177
218	0.019072205502534696
219	0.01949117674484156
220	0.019576450272892745
221	0.019319683051803663
222	0.019240939540915863
223	0.01915146552968163
224	0.019403496074414807
225	0.01966072198620568
226	0.01975267283932416
227	0.019836332810902458
228	0.0199310458180638
229	0.020012614183657282
230	0.020098605576673104
231	0.020189614148421582
232	0.020286494090290385
233	0.020376023956824925
234	0.020471157565102455
235	0.020849720605242136
236	0.020947750318653577
237	0.020570656883520732
238	0.020657367311409467
239	0.020749654534598608
240	0.021229562582705502
241	0.021343256752162327
242	0.02144614476903406
243	0.021140900345925473
244	0.021037536241971782
245	0.021538253291089285
246	0.02164941764678673
247	0.021742809462723108
248	0.021857745838531065
249	0.021973532897450947
250	0.022537565232025995
251	0.02264709427473037
252	0.022304429246370532
253	0.022195466901190338
254	0.022088805382755712
255	0.022416064769530866
256	0.023231623717217004
257	0.02276327304668664
258	0.022992898079227473
259	0.022873346162255923
260	0.023114344390599305
261	0.02334807242053219
262	0.02359982117596507
263	0.02372441955442378
264	0.023844403907897556
265	0.02347751104036538
266	0.023976801093779008
267	0.02410955739275443
268	0.024243211935799758
269	0.02449443963612365
270	0.024372540150561804
271	0.02462306800355209
272	0.02477980509533577
273	0.02490516600576551
274	0.025044393585104723
275	0.025188862348071352
276	0.025333038431362153
277	0.02547762126733854
278	0.025624595915809626
279	0.02577174415416386
280	0.025919131981326518
281	0.02685822767124214
282	0.026699542286230976
283	0.026524184265018364
284	0.02621732513573599
285	0.026081740419955465
286	0.026376333496160143
287	0.027021620079664313
288	0.027184812289193862
289	0.027359878968583193
290	0.02753470654820031
291	0.02769903102769108
292	0.028594001363639803
293	0.028402346652995167
294	0.027876709630435804
295	0.02804450355341536
296	0.028234500522674955
297	0.02877154392964058
298	0.02895878752873615
299	0.029157492124582768
300	0.029363148770799305
301	0.02953966352342328
302	0.030548718429909562
303	0.030360072019510683
304	0.030149198921746233
305	0.029743486364304246
306	0.029957471869746104
307	0.030772717757356443
308	0.03097686721326644
309	0.031187280432320077
310	0.031412400799129894
311	0.03164174861722288
312	0.0318735355915716
313	0.03281060694757865
314	0.03305229909879201
315	0.03235059829835827
316	0.032112613900624816
317	0.032570449754555975
318	0.033309003933172036
319	0.033548849941596355
320	0.033807846598285035
321	0.03407668576941144
322	0.034352826790066286
323	0.03574081328539226
324	0.035455994037316675
325	0.03461298859013395
326	0.03488830418201658
327	0.03517433277062605
328	0.03603629395568287
329	0.036314811230290636
330	0.036627014579833674
331	0.03694791607900917
332	0.03724039168416537
333	0.03854118367160569
334	0.03888028457047573
335	0.038203394816882376
336	0.03756749869373197
337	0.0378965479708751
338	0.03922193011495454
339	0.03957650789557158
340	0.03995317630728938
341	0.040292124106261595
342	0.04065235310669649
343	0.043034152613235455
344	0.042621143375768826
345	0.04221111386881769
346	0.04183608718369328
347	0.041042848544776696
348	0.0414208892881678
349	0.04524251639555218
350	0.04344593385548817
351	0.04389119764746772
352	0.04431269582373827
353	0.04476542522671323
354	0.04717933605194496
355	0.046665081576167854
356	0.04568782310234946
357	0.047715688283476075
358	0.0461705035319375
359	0.04820415477187457
360	0.04874616268499438
361	0.04930551445165875
362	0.049864699746115376
363	0.05044746553289324
364	0.051022225540664934
365	0.05163251797589822
366	0.05220046983087261
367	0.0528773584350442
368	0.05352039280182199
369	0.056961672590670746
370	0.05628802380190513
371	0.05487737533078062
372	0.054163697988349
373	0.05552037487627881
374	0.05774499792029684
375	0.0585011891941448
376	0.05928427174922312
377	0.060018543526910204
378	0.060930474611614285
379	0.061852556710221204
380	0.06642456964580641
381	0.06555290015582693
382	0.06262297989233909
383	0.06353150977728511
384	0.06443571679924431
385	0.06739766799026552
386	0.06849812449822902
387	0.06959438204533581
388	0.0706393742526177
389	0.07180791532172418
390	0.07828910036501344
391	0.0768224574873411
392	0.0754699630160528
393	0.07301252151758189
394	0.07419083694881072
395	0.0796258549626618
396	0.0810946668546964
397	0.08259893654134784
398	0.08431509867418949
399	0.08586517613515499
400	0.095257872035146
401	0.09319936372744622
402	0.08957905603060318
403	0.09141723002323249
404	0.08767265838545478
405	0.09731975211110669
406	0.09961805742068165
407	0.1018449159325511
408	0.10434197217539867
409	0.10681872589257344
410	0.10958706295949394
411	0.12468376446614361
412	0.12156686068090956
413	0.11810002069933737
414	0.11521725697218156
415	0.11211388971301701
416	0.12853049424801816
417	0.1324564992991343
418	0.13652187315831396
419	0.1408359693655048
420	0.14485326277997632
421	0.1735870545747108
422	0.16718480984480324
423	0.1606927012607988
424	0.1556817021347463
425	0.15015001006489706
426	0.18033926657891844
427	0.18773688917060274
428	0.19668284768967773
429	0.20590673141475185
430	0.21549933997544982
431	0.28217898587438045
432	0.2667505630875327
433	0.25158939425571053
434	0.23853276985720306
435	0.22669145675954175
436	0.2994629791440652
437	0.32062620826337435
438	0.34580703751054764
439	0.3696004249748134
440	0.4012338721029393
441	0.4373870790885057
442	0.5227392170412132
443	0.7000591606913446
444	0.4747245886438363
445	0.5810001984557441
446	0.6392382887716525
447	0.8547027971551248
448	0.8817324491548016
449	0.773233230358036
450	0.873452778632157
451	0.8307586574511583
452	0.8824255679818431
453	0.6741484020427364
454	0.6081784664251216
455	0.5516712965542411
456	0.8044541231699278
457	0.7440959374545059
458	0.502317020601408
459	0.4571987639649053
460	0.4195019003129612
461	0.3562460340114359
462	0.38576082109159093
463	0.33317221368621563
464	0.31042190730743163
465	0.2910039406007992
466	0.27429880661773576
467	0.25939146218911385
468	0.2008766750028505
469	0.21005602590774927
470	0.23233214032851696
471	0.24366357659104287
472	0.22079531123023674
473	0.1918663364137641
474	0.18439226765227462
475	0.17683241627720114
476	0.17004772331298804
477	0.16408894256320875
478	0.15784696415608815
479	0.13408292728934185
480	0.14270370753848044
481	0.14760571105669312
482	0.15267522732959135
483	0.13834715576382067
484	0.13034331956983855
485	0.12652178321967844
486	0.12290883993032038
487	0.11943513055171635
488	0.11648758860097362
489	0.10289805215239672
490	0.1053132905661823
491	0.11054469885203501
492	0.10796071218889171
493	0.11350976695891966
494	0.09605994655316866
495	0.10059160099842213
496	0.09848776021763585
497	0.09200163480872338
498	0.09427894634085339
499	0.08319053333972366
500	0.09015275515296912
501	0.08657011467096931
502	0.08842880602119874
503	0.08495444715219146
504	0.08166012420861965
505	0.08014306607347277
506	0.07881254107522496
507	0.07733412585282766
508	0.07461642821862918
509	0.07593064523626077
510	0.0734003531431385
511	0.07220288557055932
512	0.07102101211943802
513	0.06988576787400443
514	0.06873771549809986
515	0.06361022036539724
516	0.06465920297183621
517	0.0666214616345433
518	0.0677288978628925
519	0.06563560061781865
520	0.06279895569117114
521	0.06185034552992459
522	0.06105010866750446
523	0.060195673997196684
524	0.059383964906341104
525	0.055560744228793216
526	0.0563551634918979
527	0.05778732933671846
528	0.058630850077710316
529	0.057041410626659746
530	0.054951877692515236
531	0.05422500130943689
532	0.05353124311403982
533	0.05289967559931589
534	0.052232115092528626
535	0.049250959727228476
536	0.05039578420520113
537	0.0509861794123043
538	0.05161773180760759
539	0.04980035364152669
540	0.04761881351906874
541	0.047095094847940513
542	0.046613751169510824
543	0.04611954208039727
544	0.04867349410749297
545	0.04813410318892434
546	0.04420033216461536
547	0.04377567336231966
548	0.045117431058838205
549	0.045624678947933046
550	0.044640384810033025
551	0.043342954635036506
552	0.0429033550486643
553	0.0424692451535444
554	0.042076265787064034
555	0.041652356172194135
556	0.03976910781812817
557	0.04009539109100851
558	0.04088733911029384
559	0.04127898293478709
560	0.04050149011189761
561	0.039395899918267814
562	0.03907618653022639
563	0.038696965909765
564	0.03836572618211447
565	0.03803605240087283
566	0.03641840940717567
567	0.03673195920233999
568	0.03738121907638993
569	0.037689514423356246
570	0.03706122269686649
571	0.03611225148783846
572	0.03579377393423074
573	0.035515080019685376
574	0.03522796255261708
575	0.034925553210070646
576	0.033308214589887176
577	0.03355348854496215
578	0.03383770261051721
579	0.03437644778117199
580	0.03409976778958065
581	0.034628527443756524
582	0.03305254012052985
583	0.03280942815923431
584	0.0325400490769742
585	0.032306732203890555
586	0.03206075090029707
587	0.03183048124064543
588	0.03159882518835823
589	0.03137207201817358
590	0.031139867065661537
591	0.030916470384085213
592	0.029848244101443027
593	0.030712673372818043
594	0.030269437798034142
595	0.030478967860188236
596	0.03006164956062693
597	0.029642431424185996
598	0.02943293508661918
599	0.02923737308324138
600	0.02904407166918713
601	0.028870201839690326
602	0.027911478785351298
603	0.028667315017774347
604	0.028278971362321093
605	0.028088347524180594
606	0.02847248194240442
607	0.027367127288986555
608	0.027191653918781984
609	0.027027284892932046
610	0.02773087523599163
611	0.027549042283637644
612	0.02620626591456107
613	0.02605371809654936
614	0.026524059707630904
615	0.026685197759261762
616	0.02685370248175669
617	0.026373884098978263
618	0.0258808619299211
619	0.02573514618055608
620	0.025581354050315874
621	0.025418110353898536
622	0.02528391378205231
623	0.024698750149346464
624	0.024546793802636562
625	0.024982758996589294
626	0.025133996633138117
627	0.024861971047037607
628	0.024144994858440974
629	0.024006574672378017
630	0.023881773908269684
631	0.024400710631466625
632	0.024276854951183275
633	0.023747270295668105
634	0.023611498584238343
635	0.023480189213211797
636	0.02323647938841458
637	0.023357083083667417
638	0.023098204811782787
639	0.022982114234907154
640	0.022846474186428593
641	0.02272534058017206
642	0.022608272998092416
643	0.022011732577626376
644	0.022140494424640507
645	0.022368475006206087
646	0.02225511707414959
647	0.02248547983409341
648	0.021915409966941815
649	0.021797699547334643
650	0.021686221282724055
651	0.021581063879395675
652	0.02147087773412699
653	0.021352348219125194
654	0.020950204998912144
655	0.020847784911461838
656	0.02115358865589241
657	0.021044375917704576
658	0.021260541392999315
659	0.020725189138771125
660	0.02064091184433671
661	0.020542361606188723
662	0.020447605939607417
663	0.0203490856214862
664	0.020256079831082578
665	0.020159742284896552
666	0.020061585815830934
667	0.01996692121554914
668	0.01986777107776035
669	0.019419118938231845
670	0.01978118227575034
671	0.019597667774775236
672	0.019692707570129944
673	0.01950087158429985
674	0.01933047396482782
675	0.019236566686474683
676	0.019153200584574637
677	0.019066836127329283
678	0.01897925613203444
679	0.01856764835129732
680	0.018885943774677734
681	0.018736478946109712
682	0.018811565795456543
683	0.01865356980919225
684	0.018171407225493517
685	0.018485474811646092
686	0.018332485954635058
687	0.018249689008139003
688	0.0184092531550922
689	0.018085668176457705
690	0.018014267056639062
691	0.01793846256143422
692	0.017858738643434693
693	0.01779156014082388
694	0.017723350104179816
695	0.017429734974756708
696	0.017362407515506984
697	0.017645164172566365
698	0.017579451819446243
699	0.017502466697921396
700	0.0172943694345292
701	0.01722009935089339
702	0.017158399265870775
703	0.01707977047678119
704	0.017015219199009793
705	0.0169405128166824
706	0.01687572507468981
707	0.01681884743956888
708	0.016740514504736813
709	0.01666913693829661
710	0.016356242531159356
711	0.016612510120077983
712	0.01648073063598794
713	0.016422388111535846
714	0.016542206717086096
715	0.016292159766444533
716	0.01622426142814926
717	0.01616687058391383
718	0.016107378032949256
719	0.016041341300249673
720	0.01598343690861246
721	0.01592286652500681
722	0.015865004908617353
723	0.01580458010377635
724	0.015746065142016902
725	0.015410027004683092
726	0.015462319877466832
727	0.01563190222497943
728	0.01557563062793847
729	0.015692681772971884
730	0.015511884006841226
731	0.015352243617454952
732	0.01528980595550248
733	0.015238907532169856
734	0.015185988787543481
735	0.015130657093076457
736	0.014863341568622287
737	0.014918396476140378
738	0.015081876006708938
739	0.015024726525471306
740	0.014973260994018413
741	0.014815594692746828
742	0.014760506707379094
743	0.014710573824060567
744	0.01466108117994809
745	0.014607214149984905
746	0.014361711584893322
747	0.014405888980384854
748	0.014505025100525266
749	0.014557786014208833
750	0.01445886275685755
751	0.014306783512938357
752	0.014262850361051795
753	0.014212032740276926
754	0.014167027787005463
755	0.014115721813394499
756	0.013891302425699675
757	0.013935980352439656
758	0.014075530126304402
759	0.014028984931977774
760	0.013982405758139195
761	0.013801956968623429
762	0.013759473183054548
763	0.0137121963178337
764	0.013668521719144185
765	0.013843331297884839
766	0.013408807651452534
767	0.013453054110366808
768	0.013582042102197107
769	0.013624215101290287
770	0.013537260119694318
771	0.013493852919875645
772	0.013363752155038582
773	0.013323313462073733
774	0.01328131582239113
775	0.013237869793602555
776	0.013196948637671149
777	0.013034938032750782
778	0.01299932356242252
779	0.013076887903821612
780	0.013154429018386718
781	0.013116744167928178
782	0.012956719362288802
783	0.012914977054697843
784	0.012876541817044469
785	0.012836216556396158
786	0.012795512613978422
787	0.012606703646102939
788	0.012641363540330226
789	0.012681889107908328
790	0.01276101520916647
791	0.012719261800541868
792	0.012568561839164709
793	0.012526681637023857
794	0.012496378341430409
795	0.012457728967692976
796	0.012422697844521977
797	0.012245662849378761
798	0.012279287666836688
799	0.01235143728997798
800	0.012387871765649889
801	0.01231444977045043
802	0.012209104470739933
803	0.012176364670450896
804	0.012139167702960805
805	0.012102487040414158
806	0.01206878784974249
807	0.011863078908875129
808	0.01189723717590038
809	0.011964115723570588
810	0.012003079554019658
811	0.01203320478851506
812	0.011928813299313836
813	0.011829135838135654
814	0.011797389016990832
815	0.011766374846597023
816	0.011732853885355604
817	0.011699382628613832
818	0.011571397174923998
819	0.011539151712358555
820	0.011632838746038928
821	0.011670352941164433
822	0.01160228783431284
823	0.011508384835706237
824	0.011475531932920058
825	0.01144420916986901
826	0.011415682751394957
827	0.011384255261524697
828	0.0113556067934338
829	0.011322200250163218
830	0.011294555092583258
831	0.011266042298400262
832	0.011233815158694519
833	0.011085919494020014
834	0.011115190830143097
835	0.011203411437332528
836	0.011177557304524648
837	0.01114707983234689
838	0.011056427085457805
839	0.011025414967658036
840	0.011002033018298437
841	0.010970399781215452
842	0.010938941731242043
843	0.01079973518286121
844	0.010828580011127712
845	0.010884550380288412
846	0.010913708896454875
847	0.010853669413403485
848	0.010772788270569482
849	0.010745892973902956
850	0.010716929795487582
851	0.010692440099876934
852	0.010661898948591316
853	0.010634980535549175
854	0.010503249852453824
855	0.010526132683880618
856	0.010553588078535863
857	0.010611549552615002
858	0.01058197121488695
859	0.010475846784519592
860	0.010450066011527133
861	0.01042393781753225
862	0.010398792648921337
863	0.010371966117429436
864	0.010272396132261668
865	0.01024687108364336
866	0.01032193839938756
867	0.010348976849807321
868	0.010298142045113827
869	0.010219988848027472
870	0.010195848930888107
871	0.010171935468167019
872	0.010149522176618062
873	0.010121382316191248
874	0.010096634080473631
875	0.010074058613040443
876	0.010048909911195211
877	0.010024372191865331
897	0.010001379716399715
898	0.010050753504279185
899	0.010035106832011299
900	0.010017733824638693
901	0.010066696512047175
902	0.010084157883377475
903	0.010182870575854335
904	0.010152163947083705
905	0.01013655168394627
906	0.010118845506784505
907	0.010100204348199342
908	0.010167963429422004
909	0.010202351148246885
910	0.010220018955290885
911	0.010236679896164686
912	0.010288524075354086
913	0.010254762608125736
914	0.010270750772601468
915	0.010322996797678834
916	0.010340122014515545
917	0.010357105129980313
918	0.010374446694300142
919	0.010304386988144799
920	0.010390511814955093
921	0.010409700871331142
922	0.010428315057075505
923	0.01044461656249808
924	0.010461792230607668
925	0.010478628603203782
926	0.01053310733620055
927	0.010570558074772658
928	0.0105492325338833
929	0.010514991065253526
930	0.010496130818072552
931	0.01058497674037744
932	0.01062382058318352
933	0.010642670842719353
934	0.01066067846563758
935	0.010677514002822306
936	0.010605624033675662
937	0.010696702183941044
938	0.010715389204492403
939	0.01073559372726414
940	0.010753347650819959
941	0.010773272785696062
942	0.010788263813255159
943	0.010885880475318053
944	0.010904303246410629
945	0.010808711702126602
946	0.010827680906372227
947	0.010846645761167383
948	0.010864134092680638
949	0.010941771060550245
950	0.010924528923828065
951	0.010962260312120449
952	0.011001203580255296
953	0.010983046039934942
954	0.011104210554462233
955	0.011024242660685203
956	0.011064074610297561
957	0.011082674865013341
958	0.01103887425668295
959	0.011122732394888587
960	0.011242941173743932
961	0.011204609880252975
962	0.011186078115163626
963	0.011162790475047231
964	0.011143992525688215
965	0.011224798313475299
966	0.011266559331050528
967	0.011307071854761673
968	0.011324982389557498
969	0.011347904820149935
970	0.01128649596550074
971	0.011452785479640648
972	0.011470738869796531
973	0.011431527742100357
974	0.011410205332854863
975	0.011390111637193792
976	0.011365829925232282
977	0.011515170535006765
978	0.011535724935942045
979	0.01155858261449276
980	0.011580388746256633
981	0.011596606252967536
982	0.011493833764696966
983	0.011624524013535642
984	0.01164327700416266
985	0.011663811099644301
986	0.01168785452771375
987	0.011710467751224305
988	0.01184199064934186
989	0.01181951040282324
990	0.01172990495548294
991	0.01175305185189747
992	0.011773259387349874
993	0.011795319370026994
994	0.011886696329075056
995	0.01186320844986964
996	0.011908224966724218
997	0.011978328631613133
998	0.011953267993049252
999	0.011932004983853309
1000	0.012067694432945891
1001	0.012022774309327756
1002	0.011998967608721796
1003	0.012042523067775679
1004	0.01209471541337842
1005	0.012231072199585512
1006	0.012137469366075545
1007	0.012113340321964523
1008	0.012183519450919066
1009	0.012159385355986138
1010	0.012207797823605003
1011	0.012351043853365867
1012	0.012326362932700759
1013	0.012302770272594469
1014	0.012278124239159577
1015	0.012255008054280333
1016	0.012377271838732804
1017	0.012398067816665819
1018	0.01244439573882333
1019	0.012468231781363194
1020	0.012491805955991595
1021	0.012420093996990074
1022	0.012645908920411258
1023	0.01262038238131961
1024	0.012597521062163228
1025	0.01257282869110927
1026	0.01251607666280897
1027	0.012541782485479802
1028	0.012687962553440287
1029	0.012720700172210928
1030	0.012742487590328111
1031	0.012768507907639804
1032	0.012793143798255436
1033	0.012669285129368263
1034	0.012817146315038865
1035	0.012849215967652353
1036	0.012874905823210209
1037	0.012900339868508803
1038	0.012923802054124144
1039	0.0130315027641701
1040	0.013088883335185965
1041	0.012951989869145157
1042	0.012979287735868088
1043	0.013007390089965827
1044	0.013060128935077584
1045	0.013115455284502416
1046	0.013137634884387649
1047	0.013248466972730931
1048	0.013192889943775817
1049	0.013168901173769532
1050	0.01322048038841931
1051	0.01330613571138381
1052	0.013279317722785407
1053	0.013333699577971415
1054	0.01338551110343964
1055	0.013361142252783113
1056	0.01352683036396623
1057	0.01355279873443727
1058	0.013475338319326036
1059	0.013444763756202795
1060	0.013419014264412818
1061	0.013498893721439847
1062	0.013584631561059582
1063	0.0136463374268233
1064	0.013676878376499965
1065	0.0137023868567392
1066	0.013734084860173284
1067	0.01361562093547628
1068	0.013855659373492587
1069	0.01388726491770385
1070	0.013820048839811909
1071	0.013792158564065267
1072	0.013757389770992149
1073	0.013977610565101328
1074	0.014006793599292773
1075	0.014041450692767602
1076	0.014072177913743525
1077	0.01391643667698692
1078	0.013947386177233019
1079	0.014104257214189977
1080	0.014135129506821015
1081	0.014164148008641606
1082	0.014201827645742498
1083	0.01422630234795445
1084	0.01425794523820056
1085	0.01438678368366874
1086	0.014357671526211311
1087	0.014320024430817329
1088	0.014292750225751874
1089	0.014419348243315712
1090	0.014518844703284774
1091	0.01448830205852536
1092	0.01445576422199691
1093	0.014614756052147945
1094	0.014583901949698901
1095	0.014553031955998885
1096	0.014751633627883091
1097	0.014682802816646892
1098	0.014715552232514154
1099	0.014650614657648905
1100	0.014823354114781697
1101	0.014787849236340496
1102	0.014996544081347929
1103	0.014924562522444942
1104	0.014850028242898997
1105	0.014890536274672427
1106	0.014961521090797297
1107	0.015171226220039557
1108	0.015130992170796966
1109	0.015105413513198444
1110	0.015063971714197266
1111	0.015029170720022262
1112	0.01520366477353604
1113	0.015242451109172921
1114	0.015278271323959265
1115	0.015343665402592077
1116	0.015388610070308029
1117	0.015425172368499239
1118	0.015317682025280081
1119	0.01556366056464549
1120	0.015459775592339816
1121	0.015493342731033024
1122	0.015529533009021575
1123	0.015608909947802889
1124	0.015643094115388136
1125	0.01567760912074141
1126	0.015725933765778688
1127	0.01583846193913525
1128	0.015795012548559417
1129	0.015762552176528305
1130	0.015995978058489596
1131	0.016044382594750915
1132	0.015912836846207652
1133	0.015880028987684598
1134	0.01595626978271166
1135	0.016074306408387737
1136	0.016155812163046904
1137	0.016196510463308247
1138	0.01623798567705378
1139	0.016283848734304295
1140	0.01611661965187533
1141	0.01648434200286431
1142	0.016314482733703135
1143	0.016363392007558736
1144	0.01640562313169295
1145	0.016440955345195546
1146	0.016528382305793538
1147	0.016567619978751117
1148	0.016617406989706596
1149	0.016745147544864385
1150	0.016698720522152606
1151	0.01665141625648821
1152	0.0169156676886526
1153	0.016823935910128818
1154	0.016866763249937206
1155	0.01677904548571223
1156	0.017006296077365986
1157	0.016954207037375824
1158	0.017232474248826367
1159	0.017278717923112728
1160	0.017141021169742865
1161	0.017095189022366706
1162	0.017051008835090434
1163	0.017190622693692353
1164	0.017369541254298723
1165	0.017412860737562944
1166	0.017472438644237788
1167	0.01751631432514185
1168	0.017326046207908858
1169	0.017753281007123686
1170	0.01779476992001513
1171	0.01770131432035894
1172	0.017658443332512593
1173	0.01760596085380059
1174	0.017564221325339104
1175	0.017897076582232562
1176	0.017946369412960673
1177	0.017996469804927934
1178	0.01804667104417912
1179	0.01809624248595322
1180	0.017851450047607572
1181	0.018147857078168333
1182	0.018202386420069147
1183	0.01824661448934209
1184	0.018305475495793117
1185	0.018354260127855588
1186	0.018402415429990677
1187	0.018628404406529193
1188	0.018573992973302603
1189	0.018513725532861677
1190	0.01846125514317038
1191	0.018686058675026863
1192	0.018790202637157385
1193	0.018738857149192264
1194	0.018853586010434478
1195	0.018902192371599742
1196	0.01895833844671055
1197	0.01901686611580816
1198	0.01919488657477679
1199	0.01925126282003191
1200	0.01930540628867918
1201	0.01907337995842366
1202	0.019125239238893924
1203	0.01953552354952751
1204	0.019648565629657513
1205	0.019595467687329015
1206	0.019479295187273975
1207	0.019426232371901598
1208	0.019360782236399202
1209	0.0198332501087424
1210	0.019908378212540025
1211	0.019966926709783357
1212	0.020023231242760443
1213	0.019716936022208288
1214	0.019776996652892148
1215	0.020153240398789275
1216	0.020279296882496883
1217	0.020229907077096886
1218	0.02009210087013977
1219	0.02033760402879507
1220	0.02053260521743729
1221	0.02040230670403739
1222	0.02046983283508068
1223	0.020735918562354717
1224	0.02067907846495639
1225	0.02059286888055182
1226	0.020996179411499696
1227	0.021080126896949724
1228	0.02113529189196657
1229	0.020875390789011954
1230	0.020804338593967023
1231	0.02092544257001619
1232	0.02127319520961788
1233	0.021353139537130007
1234	0.021432754786139624
1235	0.02149932854736576
1236	0.0212043043639557
1237	0.02156281482590668
1238	0.021632574826292265
1239	0.02170402161332028
1240	0.0219247437281736
1241	0.021769668173016087
1242	0.021853453900929215
1243	0.022064774733208968
1244	0.02215121148652057
1245	0.022221747495427602
1246	0.022310853460692805
1247	0.022374129331118382
1248	0.022010995226997343
1249	0.022618630818395193
1250	0.022450979770881497
1251	0.02254119373071679
1252	0.022697717903590396
1253	0.02278062692355427
1254	0.02302000444129249
1255	0.023098358369644224
1256	0.02318340387902417
1257	0.02328400198538533
1258	0.022839546872945826
1259	0.022927596816231542
1260	0.02351916135185173
1261	0.023774980150629395
1262	0.023682756646404995
1263	0.02360823948705909
1264	0.02343558303965482
1265	0.023358092015388358
1266	0.023950594161352017
1267	0.02414241017904802
1268	0.024225787350511313
1269	0.023852575138311165
1270	0.02405224473750561
1271	0.024609732875693683
1272	0.024499555619033338
1273	0.024426934205921007
1274	0.02432531440517401
1275	0.024696274113079227
1276	0.024796593738619883
1277	0.025192989078641693
1278	0.025090282024828013
1279	0.02497949171688994
1280	0.025284794157913147
1281	0.02488148802382642
1282	0.025695685640334448
1283	0.025805360677291413
1284	0.02539528529553518
1285	0.025886880249370914
1286	0.025498334751784493
1287	0.02559398920668496
1288	0.026426102809977873
1289	0.026117033488689913
1290	0.026218643430004022
1291	0.025999728565026196
1292	0.026327777097468953
1293	0.026534745169706664
1294	0.027001860063867497
1295	0.026873079207288344
1296	0.02675626825960368
1297	0.02664597876516329
1298	0.027092985864726363
1299	0.02732648743501691
1300	0.02723042832240174
1301	0.027827456542316966
1302	0.027694622249982228
1303	0.027573516437923364
1304	0.027455992391716543
1305	0.028322336595783516
1306	0.028468489044334046
1307	0.028587239261411462
1308	0.02807254698796114
1309	0.027963415218483636
1310	0.028208039268296924
1311	0.0288462007908361
1312	0.028977634279925984
1313	0.02915224325257737
1314	0.0292610951235381
1315	0.02872333400980917
1316	0.030111094186940027
1317	0.029388632120706998
1318	0.029530610557769153
1319	0.029653953116353986
1320	0.029837417992667304
1321	0.02993252422566009
1322	0.03051809695783421
1323	0.03037298283983375
1324	0.030672875643302386
1325	0.030217325264598714
1326	0.030834396787407372
1327	0.0309482550844564
1328	0.03174082349531894
1329	0.031125220593762146
1330	0.03144530441038412
1331	0.03127325140413325
1332	0.031575245915783576
1333	0.03254095691027009
1334	0.03271204915878796
1335	0.03238216341261159
1336	0.03223449721080508
1337	0.03205940521641234
1338	0.03186453184316304
1339	0.03286388668386161
1340	0.03340782471309491
1341	0.03358335889032038
1342	0.03375218013726701
1343	0.033054347436782906
1344	0.033234563297253855
1345	0.034320847385492105
1346	0.033909452452979175
1347	0.034080994022290916
1348	0.03449167793745707
1349	0.03468672446899276
1350	0.03526630862442421
1351	0.034873411138261735
1352	0.03505837700357224
1353	0.03585717310633344
1354	0.03562033231100576
1355	0.035468656694600496
1356	0.036649145689998316
1357	0.03605961052497777
1358	0.0362931022492248
1359	0.036466508556786285
1360	0.0368612037121806
1361	0.038214109394263424
1362	0.03708053664585823
1363	0.03726171864001689
1364	0.03753901093360744
1365	0.0377705967881295
1366	0.037964004391383616
1367	0.03943052245556813
1368	0.03960991473286172
1369	0.039144465584226726
1370	0.038895369359778706
1371	0.038679547965592996
1372	0.038470934158222184
1373	0.04041457036063375
1374	0.04064332944650537
1375	0.040918432209779726
1376	0.03987975540517837
1377	0.04013636461219989
1378	0.04226689644946054
1379	0.042528782343979624
1380	0.04120454750112231
1381	0.04144959505909068
1382	0.041700651774481144
1383	0.041991271694225125
1384	0.04286040077680888
1385	0.04309195724870621
1386	0.0434653797006746
1387	0.04371389397002897
1388	0.043985769431519835
1389	0.04434520788009607
1390	0.045249435923625916
1391	0.045633373063148935
1392	0.04589689658920239
1393	0.044578692197814955
1394	0.044938603092358115
1395	0.04724219833416983
1396	0.0480168549537355
1397	0.04767489346773663
1398	0.04691048805110409
1399	0.0465670385292254
1400	0.046235477838273364
1401	0.04908461175918428
1402	0.04946731108030043
1403	0.049879430016500956
1404	0.05019148316512608
1405	0.048309669885089924
1406	0.04869535489315323
1407	0.05147578502140068
1408	0.05227435610519979
1409	0.05184903073319417
1410	0.05112252505586507
1411	0.050632228994685946
1412	0.053713533753426294
1413	0.05323757254453647
1414	0.05276842389329574
1415	0.05403989400714303
1416	0.054548541188026545
1417	0.055066580935775065
1418	0.05704879501387294
1419	0.057578198895234946
1420	0.05813388658480665
1421	0.05605617113335602
1422	0.05656831071695416
1423	0.0555691742663868
1424	0.05866788382656482
1425	0.05924866143263289
1426	0.05973871792566891
1427	0.060385571615311835
1428	0.06092173492525246
1429	0.0639977709648479
1430	0.06472218410630921
1431	0.06329756567366128
1432	0.06274649890067353
1433	0.06149707284709449
1434	0.062209348529579545
1435	0.06597974382280071
1436	0.06673553739162892
1437	0.06738592558178645
1438	0.06809349389017816
1439	0.06888414996888963
1440	0.06521001707701718
1441	0.07294971304999179
1442	0.07194474914044365
1443	0.07112694079703442
1444	0.07057682027771585
1445	0.06960068765689068
1446	0.07540655426876557
1447	0.07433795980139005
1448	0.07723279090561995
1449	0.07823089812998826
1450	0.07362508248560344
1451	0.07626799836462637
1452	0.07904437904236115
1453	0.08005511176033367
1454	0.080982479780746
1455	0.0820688521823934
1456	0.08332337003465085
1457	0.09022613151192277
1458	0.08891081081712882
1459	0.08424466626602128
1460	0.08639112378872894
1461	0.08538992980353918
1462	0.08777498192280658
1463	0.09173827820250029
1464	0.09279468214334377
1465	0.09416661044436381
1466	0.09547072154872241
1467	0.09693090625920489
1468	0.09829389227039516
1469	0.10697554793880673
1470	0.10457353704872353
1471	0.1014719442394864
1472	0.10000696617105254
1473	0.10313724252169572
1474	0.10855300743718159
1475	0.11046451253766203
1476	0.1119352192139607
1477	0.11381342638156335
1478	0.11612122141591355
1479	0.11825852498672572
1480	0.1202130299784076
1481	0.12266537206724543
1482	0.12477427865309791
1483	0.12721796732183516
1484	0.12948341408688951
1485	0.13270276054521776
1486	0.14708897891617004
1487	0.14399570960985053
1488	0.13509151841538092
1489	0.13760306786022933
1490	0.14049473428048978
1491	0.1505669380169222
1492	0.15438171583859867
1493	0.15733907272548991
1494	0.16048897211306729
1495	0.16542275415159494
1496	0.16864338974783924
1497	0.19392498082567758
1498	0.18807714690797217
1499	0.19993070937905935
1500	0.1773679699149205
1501	0.1732391552843551
1502	0.1839314496965204
1503	0.20563033001398237
1504	0.21007186185688823
1505	0.21973601534551906
1506	0.22659389595536591
1507	0.23255297891282553
1508	0.24259392632892574
1509	0.25136357500911166
1510	0.2583689130115331
1511	0.2711416926946046
1512	0.28075448087183313
1513	0.292791787981039
1514	0.38243792216194356
1515	0.36916943058121565
1516	0.3334576882465694
1517	0.3185026880457741
1518	0.30639468465668523
1519	0.35114892646902995
1520	0.4070812917570174
1521	0.4298601329549179
1522	0.45258422738647414
1523	0.48070773819178514
1524	0.5059521809730406
1525	0.5416121767464244
1526	0.5682243302056531
1527	0.6458579551393734
1528	0.7117741743807144
1529	0.6742172747059876
1530	0.6090676302286032
1531	0.7393692754611743
1532	0.769401886760694
1533	0.770500319523882
1534	0.7705015690004067
1535	0.7705021937409485
1536	0.7705021937409485
1537	0.77050281848301
1538	0.77050281848301
1539	0.7705059422161129
1540	0.7705059422161129
1541	0.7705065669672924
1542	0.7705090659872081
1543	0.7705121897962968
1544	0.7705121897962968
1545	0.7705146888709234
1546	0.7705146888709234
1547	0.7692551205624562
1548	0.7579557591782986
1549	0.7570806645693731
1550	0.770500319523882
1551	0.7704996947878991
1552	0.77050281848301
1553	0.7704996947878991
1554	0.7704996947878991
1555	0.7704815781054136
1556	0.7705146888709234
1557	0.7704953216785684
1558	0.7704959464039141
1559	0.7704959464039141
1560	0.7704971958591639
1561	0.7704978205890682
1562	0.7704978205890682
1563	0.7704978205890682
1564	0.7704984453204923
1565	0.7704815781054136
1566	0.7704984453204923
1567	0.7704984453204923
1568	0.7704984453204923
1569	0.7704990700534359
1570	0.7704990700534359
1571	0.7704990700534359
1572	0.7704996947878991
1573	0.5755917670996877
1574	0.6078753724098476
1575	0.7395818987412394
1576	0.6771067830289523
1577	0.7091991491330908
1578	0.6463541559636647
1579	0.5424647947114932
1580	0.5062850652543619
1581	0.479818143080485
1582	0.45757694669692706
1583	0.43091520108630443
1584	0.4081013560007275
1585	0.3863969666062108
1586	0.3672562447239789
1587	0.35257984863212644
1588	0.33587187639838484
1589	0.32181655008943405
1590	0.2509032516941582
1591	0.26130791055072433
1592	0.2733948391278531
1593	0.28180184790362756
1594	0.295233678113235
1595	0.30785226447787767
1596	0.2441535711038598
1597	0.23608077750785691
1598	0.22845765316983388
1599	0.22100012085518242
1600	0.21389761244833697
1601	0.20721163349726984
1602	0.2016175320988693
1603	0.19575203066354677
1604	0.18964017871485278
1605	0.18551716176976518
1606	0.17986606894341692
1607	0.15586779012179422
1608	0.15951056783314316
1609	0.16355438961155752
1610	0.16762102969656623
1611	0.17222488516698278
1612	0.17577112498689437
1613	0.15238921594395582
1614	0.14888011706134016
1615	0.1458123373275186
1616	0.14306967738517015
1617	0.13990159336525834
1618	0.13677612203658412
1619	0.13437301692607367
1620	0.13195085804825737
1621	0.12932212482377323
1622	0.12699947235867337
1623	0.12466776054802396
1624	0.11220300421310993
1625	0.11418695568861885
1626	0.12243586549816332
1627	0.11836505780128635
1628	0.12033778791288224
1629	0.11646253120091704
1630	0.11049508534197083
1631	0.10874727501121481
1632	0.1073790961691552
1633	0.10531033076357603
1634	0.10393056048527828
1635	0.1024162072928384
1636	0.10091560912308024
1637	0.09969208045352475
1638	0.09803267288021345
1639	0.09670976384814005
1640	0.09528065960445088
1641	0.08810275239070958
1642	0.08927026717745325
1643	0.09413640353738159
1644	0.0918591469436512
1645	0.09284251845395951
1646	0.09032128224652179
1647	0.08717556432592818
1648	0.08584957319447897
1649	0.08486053304945482
1650	0.08388877638106733
1651	0.08284679661150253
1652	0.07836220480999227
1653	0.07912287444592037
1654	0.07734269335909184
1655	0.08109463492361478
1656	0.08186397568966194
1657	0.08000869429024236
1658	0.07665470084922452
1659	0.07580937711437487
1660	0.07501314048339398
1661	0.07415505771166965
1662	0.07332468711067427
1663	0.0726196825638278
1664	0.07196652708136365
1665	0.07114050874921704
1666	0.07055733480292876
1667	0.06973586555420942
1668	0.06911187331377079
1669	0.06529030286168552
1670	0.06589861062882663
1671	0.06651688731097298
1672	0.06721539780275528
1673	0.06779057098181979
1674	0.06852502664569028
1675	0.06472070301048828
1676	0.06406453336932552
1677	0.06357684514602738
1678	0.06290319965753448
1679	0.06243601375771429
1680	0.061906406915154644
1681	0.06133520702463171
1682	0.06081240139242633
1683	0.060236362460825046
1684	0.05982889315067026
1685	0.0592620168938687
1686	0.056478779839383444
1687	0.056933260072287814
1688	0.05887889362983631
1689	0.057860786535158144
1690	0.05823180496612347
1691	0.057416462426613094
1692	0.05610627764876953
1693	0.05566621787857246
1694	0.055069774007870914
1695	0.05474713806240847
1696	0.05439314450044837
1697	0.05384886812925965
1698	0.053527821119616105
1699	0.053090630735661073
1700	0.05280820318161414
1701	0.05242149082867007
1702	0.05203179676257425
1703	0.04994208954847553
1704	0.050249781307317665
1705	0.05161381963995813
1706	0.050961791413826445
1707	0.051273555295665636
1708	0.05058177969819865
1709	0.04952876025397917
1710	0.04927664435696788
1711	0.04886386432464597
1712	0.04858220402112725
1713	0.048227191193157645
1714	0.046447102867260726
1715	0.04671740247514459
1716	0.047076036651694096
1717	0.04760077306489452
1718	0.047918423052298605
1719	0.04733535451653357
1720	0.044772325543066274
1721	0.04500580907509036
1722	0.04611285564296268
1723	0.04557042776998991
1724	0.045280596222919724
1725	0.04589253965864599
1726	0.04395813295562854
1727	0.04365650720499192
1728	0.043423607108820525
1729	0.04447379959357024
1730	0.04423970400921036
1731	0.04316251076796453
1732	0.04291340584734037
1733	0.04267036849323699
1734	0.042395775662197537
1735	0.04218565956206806
1736	0.04189201725100793
1737	0.040767593798137325
1738	0.041217356680311144
1739	0.041700651774481144
1740	0.04099951686900961
1741	0.04141297618481032
1742	0.040520285392348206
1743	0.040272070419429463
1744	0.04003239173852437
1745	0.03980167759996675
1746	0.03966076898020527
1747	0.03943965209203388
1748	0.03831150425741866
1749	0.038137816966632966
1750	0.03856318155692731
1751	0.0389550576704213
1752	0.03917842458359117
1753	0.03876487176768736
1754	0.03713825783430602
1755	0.03791470410113414
1756	0.03750978457805781
1757	0.037352136858720145
1758	0.03771838021126492
1759	0.036945837526486225
1760	0.036743904382991424
1761	0.036547913270466435
1762	0.03637223136488139
1763	0.036204890801699495
1764	0.03599395859759355
1765	0.03512323380684017
1766	0.034975690515629286
1767	0.03565798343363979
1768	0.035817821210008406
1769	0.03546902234897027
1770	0.03531084188688877
1771	0.034806181994119854
1772	0.03463519826955862
1773	0.0344633550924814
1774	0.03429173125994676
1775	0.03417093433043458
1776	0.033984145674120864
1777	0.033815322469382965
1778	0.03368761477447926
1779	0.033529533126251385
1780	0.033362137856747874
1781	0.033203772583285975
1782	0.032454987257033045
1783	0.03260477183929808
1784	0.032738471228883126
1785	0.03307034023482746
1786	0.03293064843251927
1787	0.03230692581357952
1788	0.03187018937265715
1789	0.03214688851232399
1790	0.032017947668007335
1791	0.03174056144842172
1792	0.031628047042887165
1793	0.030934297434559912
1794	0.0310462861707587
1795	0.0312864600971901
1796	0.031186102208096343
1797	0.030777936868709336
1798	0.03146817629193286
1799	0.030275145946494962
1800	0.030130913168056748
1801	0.03053912005853033
1802	0.030390639982349133
1803	0.030638407836728013
1804	0.029419151920352153
1805	0.030019563333751442
1806	0.029906406334457653
1807	0.029759181488543385
1808	0.029654166805426433
1809	0.029544795047751673
1810	0.02894098165792639
1811	0.028838303409457398
1812	0.02905300025397141
1813	0.02873807167445267
1814	0.02929139051954377
1815	0.029183627113706135
1816	0.028172394204011277
1817	0.0285903028911123
1818	0.02849332120491306
1819	0.028386035898164765
1820	0.028275413711118656
1821	0.02767207913139934
1822	0.027752856721374224
1823	0.02785988680616881
1824	0.027560498002664722
1825	0.028093963762194658
1826	0.02795995162823262
1827	0.027420500600568193
1828	0.02733538216354728
1829	0.0272374906993269
1830	0.02714181762620555
1831	0.027039285257467897
1832	0.026947308602631115
1833	0.02645495873881942
1834	0.026651070482740253
1835	0.026742387550089636
1836	0.026553161816667184
1837	0.02683401638398962
1838	0.026377391521627918
1839	0.02627596350657929
1840	0.026187314867527036
1841	0.026107355352399657
1842	0.026005059109124238
1843	0.025907731450207756
1844	0.025466672437028336
1845	0.025820088807002945
1846	0.025726536394032794
1847	0.02564000004303064
1848	0.025558069724796396
1849	0.025030675293623947
1850	0.024946879029023376
1851	0.02519980537551232
1852	0.02513384168767505
1853	0.025368797691151575
1854	0.025281372785186648
1855	0.02486154681415769
1856	0.02479039065071109
1857	0.024707060814009044
1858	0.024625972924243827
1859	0.0245363319817332
1860	0.024451874841850213
1861	0.024063883638893308
1862	0.024134688031462712
1863	0.024221962841789204
1864	0.024383594876326093
1865	0.024295057294500797
1866	0.02360461020601464
1867	0.023986401123580216
1868	0.023912089486605018
1869	0.023830808221255422
1870	0.02374976473306083
1871	0.023672730717595986
1872	0.023240934160790767
1873	0.023327847591884422
1874	0.023384331693447214
1875	0.023167151714473585
1876	0.023522911344258695
1877	0.02345293565446457
1878	0.023096927828004703
1879	0.02302462085989309
1880	0.022951535516115767
1881	0.022887570147073554
1882	0.022828067498722505
1883	0.02241150247499341
1884	0.02247235437199578
1885	0.022543869093845044
1886	0.022613796228018627
1887	0.022672685307199646
1888	0.0227556894568507
1889	0.022341799691124677
1890	0.022275429813752277
1891	0.022206805605077217
1892	0.022127083814972873
1893	0.02207493448374328
1894	0.02180185221508515
1895	0.02168309247375924
1896	0.021877840609512467
1897	0.021754789521085297
1898	0.02200798098062849
1899	0.0219343652645703
1900	0.021621494722557484
1901	0.0215591186976969
1902	0.021486216144364186
1903	0.02143236484531061
1904	0.021364464551206327
1905	0.021314126032290236
1906	0.02101535756344863
1907	0.021136039810638326
1908	0.021194194134967124
1909	0.021080190866047184
1910	0.021252922914746442
1911	0.020951583546822524
1912	0.020895373352209926
1913	0.020840354845281125
1914	0.02078542524235466
1915	0.02073107372434714
1916	0.020673126895291428
1917	0.020334468288133824
1918	0.020615986384470576
1919	0.020552187675561103
1920	0.02050590299098338
1921	0.02045584842506048
1922	0.02038393570867161
1923	0.020074819623397005
1924	0.02012433722142407
1925	0.02018499733989844
1927	0.020274059348951805
1929	0.020227318194522413
1932	0.020016338256541696
1933	0.019966709271929735
1934	0.0199162067197142
1935	0.01984745804330375
1936	0.0198011814176262
1937	0.019753163448596848
1938	0.019502180015567906
1939	0.019557892097370723
1940	0.01965482622455475
1941	0.01970861859293106
1942	0.01959275525304293
1943	0.01945746656824797
1944	0.019406637478539514
1945	0.01935668010490469
1946	0.0193080600919447
1947	0.01925233479638966
1948	0.019212364353377025
1949	0.018923628254438295
1950	0.018967185668696297
1951	0.019059937132242223
1952	0.019111686541797908
1953	0.019158565580622004
1954	0.019024478858769057
1955	0.01888294383888382
1956	0.018837223578310684
1957	0.018786126543528903
1958	0.01873975589964958
1959	0.0187006007389851
1960	0.01847545051864579
1961	0.018428088490768563
1962	0.01857093062179562
1963	0.01860074345927886
1964	0.018653263226969124
1965	0.018521096734273677
1966	0.01838473714025781
1967	0.018341943133327744
1968	0.01829609974860088
1969	0.01825599742637893
1970	0.018208979517066234
1971	0.01817436345163867
1972	0.01812650751348727
1973	0.017955454642826774
1974	0.01808266047947557
1975	0.01804249829209662
1976	0.018006747652505636
1977	0.01782153472905467
1978	0.017876286832603627
1979	0.017911499975566368
1980	0.017750301326471984
1981	0.01779530865288325
1982	0.017707908442650033
1983	0.017503263403291773
1984	0.01767003601798792
1985	0.01758460833840614
1986	0.017622979381005842
1987	0.017544642594962946
1988	0.017467559630782198
1989	0.017435330026387905
1990	0.017386169824699857
1991	0.017349107753616113
1992	0.017310864534299884
1993	0.017279140669896647
1994	0.017228072800271863
1995	0.017195620452115715
1996	0.017152726461829297
1997	0.01712076579250795
1998	0.017080401471718295
1999	0.017045256715088986
2000	0.016846614606885107
2001	0.016881725132600427
2002	0.016919701644861933
2003	0.016969870234038682
2004	0.01700737097954466
2005	0.016634668441640472
2006	0.016670049249375977
2007	0.016811916932100848
2008	0.01673739348507732
2009	0.016776465364297406
2010	0.016702537576183736
2011	0.016597763104882094
2012	0.016557443383273755
2013	0.0165232661231794
2014	0.016455785198360093
2015	0.01641890645256311
2016	0.016490830672444706
2017	0.01638275495340138
2018	0.016351198094654656
2019	0.01631679615900101
2020	0.016278131411395797
2021	0.0162487559021813
2022	0.01604946180637863
2023	0.016083844709158628
2024	0.01614752524186636
2025	0.01621516987634038
2026	0.01611907870716055
2027	0.01618404868688058
2028	0.01598637193697865
2029	0.015956047848823592
2030	0.015920106150571878
2031	0.015885829631846968
2032	0.016014961863485964
2033	0.015731992524851374
2034	0.015698385839119307
2035	0.015794528196625673
2036	0.015822423973849663
2037	0.015850304918775482
2038	0.01576084083205136
2039	0.01566268406710912
2040	0.015639487951588964
2041	0.015608754132159862
2042	0.01557288527722555
2043	0.015542798083903442
2044	0.015512578696308163
2045	0.015364725917337807
2046	0.015419110619265586
2047	0.015451808324842003
2048	0.01548928079449271
2049	0.015393489952992839
2050	0.015329377877565355
2051	0.01530400536755644
2052	0.015276323372359346
2053	0.015250244058428656
2054	0.015219480771522045
2055	0.015183545606331924
2056	0.015016251759217523
2057	0.015044494340332273
2058	0.015074534101229062
2059	0.01512990408839221
2060	0.01515408638353155
2061	0.015101931279140514
2062	0.014988213626172645
2063	0.014961566832025156
2064	0.014928196079416419
2065	0.014905665472234384
2066	0.014876487151479744
2067	0.0147428728652592
2068	0.014711854261781317
2069	0.01479638076079054
2070	0.014822153153480616
2071	0.01484761362595661
2072	0.014767750333292915
2073	0.01457670535318386
2074	0.014686954850611892
2075	0.014631839449527813
2076	0.01460087725234582
2077	0.014662827232158934
2078	0.01455585319646748
2079	0.014522859153593103
2080	0.014500154520925663
2081	0.014474407307848946
2082	0.01444751980235631
2083	0.014423116786785673
2084	0.014270312363628461
2085	0.014294664721836423
2086	0.014319462979183616
2087	0.014341690662621295
2088	0.014370908192759251
2089	0.014396024574801299
2090	0.014245333830081594
2091	0.014214441431854876
2092	0.014192916424427106
2093	0.014171566650604093
2094	0.014144241423472804
2095	0.013995397975596542
2096	0.014019421205572407
2097	0.014115191209529773
2098	0.014070047068514452
2099	0.01409916337117172
2100	0.014046028022608353
2101	0.013975149593422633
2102	0.013953430211102
2103	0.013926090865018025
2104	0.013902690229743834
2105	0.013879735824651832
2106	0.01384923351380308
2107	0.013827083991159676
2108	0.013800622784246307
2109	0.013775098239284392
2110	0.013751064092826044
2111	0.013732210018091115
2112	0.013615448569043906
2113	0.013584597322102328
2114	0.013663410937899582
2115	0.013688213445883354
2116	0.013638846717484363
2117	0.01370769565883751
2118	0.013479785289257485
2119	0.013522910816704817
2120	0.013550963163940246
2121	0.013570990738876357
2122	0.013500204112601577
2123	0.013412089206151266
2124	0.013391181395781796
2125	0.013367792896426806
2126	0.013342936484314156
2127	0.013455131752572758
2128	0.013437931342174357
2129	0.013236763195590678
2130	0.013215812161824521
2131	0.013281493034416557
2132	0.013304495029921974
2133	0.013320283584871417
2134	0.013259978946780725
2135	0.013197628098713965
2136	0.013168651654070137
2137	0.013150257521797597
2138	0.013132094901776106
2139	0.013111174426491148
2140	0.012987537739960099
2141	0.013007840971982524
2142	0.013028088714535377
2143	0.013068808512954463
2144	0.013044427917616211
2145	0.013086984953360012
2146	0.012928078992745166
2147	0.012906707284435963
2148	0.012887954850737874
2149	0.012944488661706444
2150	0.012967954715922964
2151	0.012788999344043855
2152	0.012767626623897915
2153	0.012848839322205203
2154	0.012862913567871996
2155	0.012826416308621623
2156	0.012808212052324386
2157	0.012746615261333033
2158	0.012729255234087012
2159	0.012709441708185316
2160	0.01268902276435959
2161	0.0126685908420728
2162	0.01265107708700272
2163	0.012557466113962168
2164	0.012631735937548818
2165	0.012611496872791669
2166	0.012595337271994505
2167	0.012575190904938452
2168	0.01251749615487754
2169	0.01244410621950405
2170	0.01245805239021334
2171	0.012478303480800947
2172	0.012498946993912205
2173	0.012539681409144304
2174	0.012425330698546257
2175	0.012407892032964014
2176	0.012391358046566658
2177	0.012365944419513988
2178	0.012351584280776972
2179	0.012244188205188966
2180	0.012261020300889873
2181	0.012337171467273577
2182	0.01229847444825766
2183	0.012280551825410213
2184	0.01231430735751412
2185	0.012227749838518962
2186	0.012206332058585699
2187	0.012190515570899787
2188	0.01217182850236188
2189	0.012151903449131942
2190	0.01213744494517308
2191	0.012120872784324034
2192	0.012102358418266002
2193	0.012083976833437106
2194	0.012068030478125323
2195	0.01204653226256833
2196	0.011947044839005175
2197	0.011964854467826592
2198	0.012010498309768733
2199	0.01200125692730304
2200	0.012031994156740541
2201	0.011980629641335094
2202	0.011933768700174542
2203	0.011914595519926501
2204	0.011893606792507304
2205	0.011880370399255729
2206	0.011863071636417456
2207	0.011847301458013187
2208	0.011760575822898777
2209	0.011810725090033877
2210	0.011797830472195826
2211	0.01178122423498984
2212	0.011829626484631903
2213	0.011681252801319316
2214	0.01166183944306096
2215	0.01171081869764055
2216	0.01173036787667437
2217	0.011694926197847809
2218	0.011744944816148245
2219	0.011645088281222989
2220	0.01162905341006217
2221	0.011615331251761705
2222	0.011592944458021165
2223	0.011579625248887768
2224	0.011568127449961866
2225	0.011550155533601067
2226	0.011535850733325961
2227	0.011520638178953031
2228	0.011503863480219709
2229	0.011488093556454086
2230	0.011405541741660884
2231	0.01139639340778914
2232	0.011454755611262921
2233	0.01142032265621052
2234	0.011437449174020278
2235	0.011469935025911005
2236	0.011364105748981532
2237	0.011347006798943918
2238	0.01133284629966375
2239	0.011316521186095822
2240	0.01138190646970988
2241	0.01123071364161511
2242	0.01124218427263221
2243	0.011285592811787442
2244	0.01130956038507671
2245	0.011259846238189238
2246	0.011273499691239782
2247	0.011213611854924402
2248	0.011198965868784203
2249	0.011183479154804398
2250	0.011169179121905385
2251	0.011154933804369774
2252	0.01113828859255402
2253	0.011116948439945127
2254	0.011128487741075506
2255	0.011101799040049529
2256	0.01107220416658032
2257	0.011084162477376461
2258	0.011059619294188488
2259	0.011046027854806035
2260	0.011030781178733537
2261	0.011020109435964803
2262	0.01100083991011486
2263	0.010992122632097704
2264	0.010920933718669467
2265	0.010936782806221042
2266	0.010964726044781
2267	0.0109788324435358
2268	0.010947518687534984
2269	0.010909761441376835
2270	0.010897545034411562
2271	0.010884647388918017
2272	0.010870444315305178
2273	0.010858114580304551
2274	0.010840533458586828
2275	0.010777219831346075
2276	0.010815565065917498
2277	0.01080505730327622
2278	0.010831913722063833
2279	0.010793515172019659
2280	0.010764096885151432
2281	0.010754944390858643
2282	0.010739211906412378
2283	0.010727744385652936
2284	0.010711660751370602
2285	0.010700348100984096
2286	0.010690989944438664
2287	0.010674638858235504
2288	0.010662267383446224
2289	0.010648635754658065
2290	0.01063692962039526
2291	0.010624705023950607
2292	0.010569074297526343
2293	0.010561519958752267
2294	0.010598104910657005
2295	0.01058726132895554
2296	0.01061147787791167
2297	0.010488747463900583
2298	0.010499275049272878
2299	0.010536572486773931
2300	0.010526697047877741
2301	0.010514657635815364
2302	0.010550210742343205
2303	0.010475754090187429
2304	0.010464483101311258
2305	0.010449708949047157
2306	0.0104388324311913
2307	0.010424986534529234
2308	0.01041437206857647
2309	0.010400254386663591
2310	0.010390236046480823
2311	0.01037644503794397
2312	0.010362237679728655
2313	0.010350313962631414
2314	0.010277341950969446
2315	0.01028862819734093
2316	0.01029983231852038
2317	0.010325792463755186
2318	0.010340152213161336
2319	0.010314818251567324
2320	0.01021774535906373
2321	0.010265472176133566
2322	0.01024344052262413
2323	0.010255867416241052
2324	0.010229918016376793
2325	0.010203323036285825
2326	0.01019465838287946
2327	0.010185597201166043
2328	0.01016148002061114
2329	0.010149107111813247
2330	0.010168537780305876
2331	0.010136921551652772
2332	0.010127417433110469
2333	0.010114631294912543
2334	0.01010327353608778
2335	0.010092403197638882
2336	0.010079147663802933
2337	0.01002485381845919
2338	0.010058208230560335
2339	0.010045432903087395
2340	0.010035313869637344
2341	0.010070265214705469
2342	0.010011889740237794
2344	0.010369742534336993
2345	0.013281916095318548
2346	0.011589464713975551
2347	0.015623919451572365
2348	0.018852482870152183
2349	0.023424732650025423
2350	0.03135150591402147
2351	0.04741285005088308
2352	0.0968988689389302
2353	0.9248601065958142
2354	0.7578784219860158
2355	0.08731912271327315
2356	0.044926354280062065
2357	0.030179131008354575
2358	0.022886635875521918
2359	0.01521844464007023
2360	0.01820572226783791
2361	0.010143580147755718
2362	0.011456098551838243
2363	0.013247680637318288
2364	0.010083577606767192
2365	0.01020679462040454
2366	0.010318827425381247
2367	0.010561297221350397
2368	0.010435203044967376
2369	0.01067244502840754
2370	0.010807592955867541
2371	0.010954432459844298
2372	0.011083974967312499
2373	0.011216926820367264
2374	0.01134843040240299
2375	0.011486709712968994
2376	0.011655467244439268
2377	0.011811092754739462
2378	0.011943040767763305
2379	0.012627815433901462
2380	0.012288612253845487
2381	0.012110421576534938
2382	0.01244990077808983
2383	0.013388401093591566
2384	0.013190164069447232
2385	0.01299101369983506
2386	0.012806767560881234
2387	0.013569204091358375
2388	0.013782805073172663
2389	0.013992127791434472
2390	0.014229795265007126
2391	0.014460671444027719
2392	0.014938046261455862
2393	0.014683888088052483
2394	0.015196353425630582
2395	0.016014266071120175
2396	0.016284792346272527
2397	0.015444215768223999
2398	0.01572145827962875
2399	0.016917824076954996
2400	0.01723873928882814
2401	0.017572925850009618
2402	0.017950863196913164
2403	0.01660007907740588
2404	0.01831298647806469
2405	0.018704829916614783
2406	0.01951383836714072
2407	0.019081526937464833
2408	0.020421475658966206
2409	0.020891722197983024
2410	0.021425890785726542
2411	0.019963493079620122
2412	0.021950425307576953
2413	0.022497317239306668
2414	0.02309072353929733
2415	0.02370392098620542
2416	0.02437148885483073
2417	0.02509772476102668
2418	0.0257907570037131
2419	0.026584313163972084
2420	0.03028102695796716
2421	0.027439982008044587
2422	0.028283504510021984
2423	0.029208936950877718
2424	0.031352172445453956
2425	0.032474053863511834
2426	0.03375925918946563
2427	0.035103256153662596
2428	0.036583921509223426
2429	0.03824969791067779
2430	0.03998684991482754
2431	0.04187995963333186
2432	0.043983004523123856
2433	0.055217949870770416
2434	0.046261359216014514
2435	0.048993333695858884
2436	0.0519289442953763
2437	0.06320847728406039
2438	0.05893778393604751
2439	0.07429966724488232
2440	0.0682262081721398
2441	0.08078178855394966
2442	0.08937911650979535
2443	0.09962214738683017
2444	0.11227778322139452
2445	0.12876459963159928
2446	0.23432555471500255
2447	0.1519858258857432
2448	0.18279720458912885
2449	0.31585554031516294
2450	0.7738571905930078
2451	0.907809981314587
2452	0.8381670831470159
2453	0.4987913474184965
2454	0.4640883410318005
2455	0.24054966859633212
2456	0.18948454910042292
2457	0.1551456469130653
2458	0.3268411766775389
2459	0.131441821363718
2460	0.11366594346145108
2461	0.10077198639874552
2462	0.09027439876207297
2463	0.06851673939638525
2464	0.08149010187675619
2465	0.06341510948481713
2466	0.07431471794907618
2467	0.04869707582835982
2468	0.05501591149707293
2469	0.059053980126013844
2470	0.05174529036171093
2471	0.03958805795189252
2472	0.0415648047842679
2473	0.04371885290537611
2474	0.04610812524147881
2475	0.0347641128537967
2476	0.03780331250314244
2477	0.03621049099314992
2478	0.03334456260500792
2479	0.032137983130004766
2480	0.030902562115804187
2481	0.029785859813633908
2482	0.028753509747584238
2483	0.027841831177668343
2484	0.02611317407057948
2485	0.026924150557251652
2486	0.02531228797204846
2487	0.024592422140250203
2488	0.02201537334552024
2489	0.022594323298986283
2490	0.023202664471788963
2491	0.02390082791330372
2492	0.019903656708803324
2493	0.021442038342068464
2494	0.020895180348106515
2495	0.02038026888750313
2496	0.018557465372762805
2497	0.018993693076923817
2498	0.01816722986221231
2499	0.019429237218246256
2500	0.01671145307089309
2501	0.017790631276688347
2502	0.01740570040421294
2503	0.017031968028723234
2504	0.016382851841831116
2505	0.016045187248886046
2506	0.015752859777539614
2507	0.015483226952326236
2508	0.015172360661740306
2509	0.014884714501578878
2510	0.014653700611543922
2511	0.014395392338659515
2512	0.01413004638659368
2513	0.013440155173533879
2514	0.013243782220885387
2515	0.013916994573453969
2516	0.013680101365281068
2517	0.013015062470083598
2518	0.012812086850751442
2519	0.012634864439758153
2520	0.012420827878724509
2521	0.012076606138016832
2522	0.012239793883748488
2523	0.011893934773429097
2524	0.01170986189173842
2525	0.011084478391533282
2526	0.011389310370404906
2527	0.011228677326406195
2528	0.01155114853679813
2529	0.0105152492760151
2530	0.010374747106046307
2531	0.010931144170616589
2532	0.010786023607136649
2533	0.010653426321803114
2534	0.010240320881732509
2535	0.01010697335335865
